Feb 07, 2018 	15.580 	15.520 	16.020 	15.460 	13.06M 	0.65%
Feb 06, 2018 	15.480 	15.060 	15.480 	15.060 	15.42M 	0.00%
Feb 05, 2018 	15.480 	15.300 	15.580 	15.020 	16.76M 	-0.77%
Feb 02, 2018 	15.600 	15.240 	15.600 	15.240 	13.59M 	2.36%
Feb 01, 2018 	15.240 	15.340 	15.500 	15.180 	6.90M 	-0.65%
Jan 31, 2018 	15.340 	15.300 	15.480 	15.040 	8.84M 	0.26%
Jan 30, 2018 	15.300 	15.520 	15.580 	15.040 	10.60M 	-1.29%
Jan 29, 2018 	15.500 	15.860 	15.980 	15.500 	7.68M 	-2.15%
Jan 26, 2018 	15.840 	15.780 	15.980 	15.700 	8.49M 	0.25%
Jan 25, 2018 	15.800 	15.980 	15.980 	15.760 	21.38M 	-1.25%
Jan 24, 2018 	16.000 	16.020 	16.020 	15.800 	5.90M 	-0.12%
Jan 23, 2018 	16.020 	15.900 	16.080 	15.880 	6.48M 	0.75%
Jan 22, 2018 	15.900 	16.200 	16.200 	15.900 	2.94M 	-1.85%
Jan 19, 2018 	16.200 	16.000 	16.200 	15.900 	7.43M 	1.25%
Jan 18, 2018 	16.000 	15.960 	16.200 	15.900 	9.78M 	0.13%
Jan 17, 2018 	15.980 	16.000 	16.080 	15.880 	8.80M 	0.00%
Jan 16, 2018 	15.980 	15.920 	16.000 	15.860 	12.89M 	0.00%
Jan 15, 2018 	15.980 	16.100 	16.100 	15.760 	4.77M 	-0.75%
Jan 12, 2018 	16.100 	16.140 	16.200 	16.000 	1.51M 	-0.25%
Jan 11, 2018 	16.140 	16.240 	16.260 	15.940 	4.62M 	-0.86%
Jan 10, 2018 	16.280 	16.320 	16.320 	16.200 	3.22M 	-0.25%
Jan 09, 2018 	16.320 	16.260 	16.440 	16.240 	5.00M 	0.49%
Jan 08, 2018 	16.240 	16.400 	16.500 	16.100 	5.04M 	-0.98%
Jan 05, 2018 	16.400 	16.460 	16.460 	16.360 	6.70M 	-0.36%
Jan 04, 2018 	16.460 	16.420 	16.500 	16.320 	6.98M 	0.24%
Jan 03, 2018 	16.420 	16.000 	16.500 	16.000 	12.51M 	2.63%
Dec 29, 2017 	16.000 	15.940 	16.180 	15.940 	5.62M 	0.38%
Dec 28, 2017 	15.940 	15.880 	16.120 	15.880 	4.58M 	-0.38%
Dec 27, 2017 	16.000 	15.960 	16.000 	15.780 	1.56M 	0.38%
Dec 22, 2017 	15.940 	15.880 	15.940 	15.760 	2.43M 	0.38%
Dec 21, 2017 	15.880 	15.920 	16.000 	15.760 	1.53M 	-0.38%
Dec 20, 2017 	15.940 	16.080 	16.100 	15.900 	1.28M 	-0.87%
Dec 19, 2017 	16.080 	16.200 	16.200 	15.980 	2.15M 	-0.74%
Dec 18, 2017 	16.200 	15.960 	16.240 	15.880 	3.55M 	1.50%
Dec 15, 2017 	15.960 	16.000 	16.000 	15.820 	4.63M 	-0.25%
Dec 14, 2017 	16.000 	16.080 	16.220 	15.920 	7.08M 	-0.87%
Dec 13, 2017 	16.140 	15.960 	16.140 	15.760 	2.03M 	2.15%
Dec 12, 2017 	15.800 	15.940 	16.120 	15.760 	3.88M 	-0.63%
Dec 11, 2017 	15.900 	15.740 	15.960 	15.740 	5.96M 	1.15%
Dec 08, 2017 	15.720 	15.580 	15.720 	15.540 	4.97M 	0.90%
Dec 07, 2017 	15.580 	15.500 	15.760 	15.440 	4.95M 	-0.26%
Dec 06, 2017 	15.620 	15.740 	15.740 	15.520 	5.88M 	-0.76%
Dec 05, 2017 	15.740 	15.720 	15.820 	15.680 	11.47M 	0.13%
Dec 04, 2017 	15.720 	15.760 	15.760 	15.400 	4.21M 	-0.13%
Dec 01, 2017 	15.740 	15.620 	15.840 	15.460 	7.75M 	0.64%
Nov 29, 2017 	15.640 	15.500 	15.640 	15.440 	6.17M 	0.77%
Nov 28, 2017 	15.520 	15.640 	15.660 	15.440 	1.83M 	-1.15%
Nov 27, 2017 	15.700 	15.540 	15.700 	15.360 	4.67M 	0.64%
Nov 24, 2017 	15.600 	15.680 	15.700 	15.480 	5.44M 	-0.51%
Nov 23, 2017 	15.680 	15.780 	15.780 	15.680 	2.31M 	-0.88%
Nov 22, 2017 	15.820 	15.900 	15.920 	15.820 	2.51M 	-0.50%
Nov 21, 2017 	15.900 	15.580 	15.980 	15.500 	6.70M 	1.92%
Nov 20, 2017 	15.600 	15.580 	15.600 	15.340 	2.26M 	0.65%
Nov 17, 2017 	15.500 	15.460 	15.500 	15.280 	6.74M 	1.31%
Nov 16, 2017 	15.300 	15.380 	15.420 	15.280 	3.36M 	-0.78%
Nov 15, 2017 	15.420 	15.560 	15.600 	15.400 	4.08M 	-2.41%
Nov 14, 2017 	15.800 	15.320 	15.800 	15.180 	4.14M 	3.13%
Nov 13, 2017 	15.320 	15.300 	15.560 	15.200 	2.83M 	0.13%
Nov 10, 2017 	15.300 	15.580 	15.660 	15.260 	9.60M 	-1.80%
Nov 09, 2017 	15.580 	15.800 	15.800 	15.560 	5.75M 	-1.39%
Nov 08, 2017 	15.800 	15.740 	15.920 	15.540 	5.91M 	-1.00%
Nov 07, 2017 	15.960 	16.000 	16.000 	15.680 	5.39M 	-0.87%
Nov 06, 2017 	16.100 	15.860 	16.100 	15.660 	2.20M 	1.51%
Nov 03, 2017 	15.860 	15.880 	16.120 	15.800 	9.72M 	0.38%
Nov 02, 2017 	15.800 	15.860 	16.000 	15.780 	3.48M 	-1.25%
Oct 30, 2017 	16.000 	16.000 	16.000 	15.620 	3.59M 	0.76%
Oct 27, 2017 	15.880 	15.360 	15.880 	15.060 	6.56M 	4.47%
Oct 26, 2017 	15.200 	15.460 	15.460 	15.200 	6.00M 	-0.65%
Oct 25, 2017 	15.300 	15.400 	15.400 	15.200 	6.93M 	0.92%
Oct 24, 2017 	15.160 	15.200 	15.300 	15.060 	7.62M 	-1.04%
Oct 23, 2017 	15.320 	15.300 	15.680 	15.260 	4.40M 	0.39%
Oct 20, 2017 	15.260 	15.480 	15.540 	15.180 	7.37M 	-1.42%
Oct 19, 2017 	15.480 	15.840 	15.840 	15.420 	9.20M 	-2.40%
Oct 18, 2017 	15.860 	16.380 	16.380 	15.820 	11.07M 	-3.06%
Oct 17, 2017 	16.360 	16.660 	16.660 	16.200 	5.18M 	-0.49%
Oct 13, 2017 	16.440 	16.860 	16.860 	16.440 	4.59M 	-2.03%
Oct 12, 2017 	16.780 	16.800 	16.920 	16.700 	3.09M 	0.60%
Oct 11, 2017 	16.680 	16.700 	17.080 	16.640 	18.17M 	-0.12%
Oct 10, 2017 	16.700 	16.860 	16.880 	16.640 	10.93M 	-1.18%
Oct 09, 2017 	16.900 	16.960 	17.000 	16.800 	2.77M 	0.00%
Oct 06, 2017 	16.900 	17.120 	17.160 	16.880 	3.18M 	-1.63%
Oct 05, 2017 	17.180 	17.020 	17.180 	16.800 	4.66M 	1.06%
Oct 04, 2017 	17.000 	16.880 	17.180 	16.880 	7.11M 	0.95%
Oct 03, 2017 	16.840 	16.500 	17.000 	16.500 	9.13M 	2.68%
Oct 02, 2017 	16.400 	16.060 	16.560 	16.060 	27.55M 	2.24%
Sep 29, 2017 	16.040 	16.000 	16.260 	15.960 	10.89M 	0.38%
Sep 28, 2017 	15.980 	16.220 	16.300 	15.840 	23.94M 	-1.96%
Sep 27, 2017 	16.300 	16.400 	16.400 	16.140 	10.71M 	-1.21%
Sep 26, 2017 	16.500 	16.680 	16.680 	16.240 	8.11M 	-1.79%
Sep 25, 2017 	16.800 	16.820 	17.180 	16.660 	8.03M 	-0.24%
Sep 22, 2017 	16.840 	16.900 	17.300 	16.600 	16.22M 	-0.36%
Sep 21, 2017 	16.900 	15.780 	16.960 	15.760 	26.40M 	7.64%
Sep 20, 2017 	15.700 	15.040 	15.720 	15.040 	16.87M 	4.39%
Sep 19, 2017 	15.040 	14.800 	15.160 	14.700 	18.35M 	1.90%
Sep 18, 2017 	14.760 	14.620 	14.860 	14.600 	6.76M 	1.23%
Sep 15, 2017 	14.580 	14.900 	14.960 	14.580 	14.94M 	-1.88%
Sep 14, 2017 	14.860 	14.820 	14.940 	14.820 	5.63M 	0.41%
Sep 13, 2017 	14.800 	14.940 	15.040 	14.760 	17.92M 	-0.94%
Sep 11, 2017 	14.940 	14.700 	15.020 	14.620 	6.05M 	1.63%
Sep 08, 2017 	14.700 	14.240 	14.700 	14.220 	15.92M 	3.38%
Sep 07, 2017 	14.220 	14.100 	14.280 	14.100 	5.07M 	1.57%
Sep 06, 2017 	14.000 	14.200 	14.200 	13.980 	11.23M 	-1.41%
Sep 05, 2017 	14.200 	14.200 	14.300 	14.140 	13.19M 	1.14%
Sep 04, 2017 	14.040 	14.000 	14.100 	13.920 	5.13M 	1.01%
Aug 31, 2017 	13.900 	14.020 	14.020 	13.720 	16.83M 	0.00%
Aug 30, 2017 	13.900 	13.680 	13.900 	13.500 	3.18M 	2.96%
Aug 29, 2017 	13.500 	13.900 	13.900 	13.480 	10.27M 	-1.46%
Aug 25, 2017 	13.700 	13.720 	13.720 	13.600 	2.18M 	-0.15%
Aug 24, 2017 	13.720 	13.680 	13.780 	13.600 	1.24M 	0.88%
Aug 23, 2017 	13.600 	13.400 	13.680 	13.400 	5.10M 	1.49%
Aug 22, 2017 	13.400 	13.800 	13.800 	13.340 	3.50M 	-1.47%
Aug 18, 2017 	13.600 	13.820 	13.880 	13.060 	3.36M 	-0.73%
Aug 17, 2017 	13.700 	13.800 	13.800 	13.620 	5.35M 	0.74%
Aug 16, 2017 	13.600 	13.600 	13.640 	13.500 	5.60M 	0.44%
Aug 15, 2017 	13.540 	13.620 	13.640 	13.540 	2.66M 	-0.44%
Aug 14, 2017 	13.600 	13.700 	13.800 	13.560 	5.28M 	0.59%
Aug 11, 2017 	13.520 	13.780 	13.780 	13.520 	3.23M 	-1.89%
Aug 10, 2017 	13.780 	14.000 	14.020 	13.700 	3.51M 	-1.57%
Aug 09, 2017 	14.000 	13.980 	14.000 	13.680 	6.21M 	0.57%
Aug 08, 2017 	13.920 	14.160 	14.200 	13.920 	5.72M 	-1.69%
Aug 07, 2017 	14.160 	14.200 	14.300 	14.140 	1.79M 	-0.28%
Aug 04, 2017 	14.200 	14.380 	14.400 	14.160 	3.46M 	-0.56%
Aug 03, 2017 	14.280 	14.360 	14.480 	14.140 	7.68M 	-0.28%
Aug 02, 2017 	14.320 	14.340 	14.520 	14.320 	15.47M 	-0.14%
Aug 01, 2017 	14.340 	14.320 	14.400 	14.200 	9.60M 	-0.14%
Jul 31, 2017 	14.360 	14.300 	14.360 	14.200 	7.60M 	0.42%
Jul 28, 2017 	14.300 	14.360 	14.500 	14.280 	4.01M 	-0.42%
Jul 27, 2017 	14.360 	14.340 	14.540 	14.220 	7.92M 	1.13%
Jul 26, 2017 	14.200 	14.380 	14.460 	14.200 	10.52M 	-0.28%
Jul 25, 2017 	14.240 	14.060 	14.380 	14.060 	6.16M 	1.57%
Jul 24, 2017 	14.020 	14.040 	14.040 	14.000 	9.41M 	0.14%
Jul 21, 2017 	14.000 	14.180 	14.180 	13.920 	7.18M 	0.29%
Jul 20, 2017 	13.960 	14.080 	14.080 	13.940 	18.94M 	-0.14%
Jul 19, 2017 	13.980 	14.040 	14.040 	13.920 	10.82M 	0.58%
Jul 18, 2017 	13.900 	14.000 	14.040 	13.900 	2.22M 	-0.57%
Jul 17, 2017 	13.980 	14.000 	14.060 	13.940 	3.08M 	-0.14%
Jul 14, 2017 	14.000 	14.000 	14.040 	13.860 	2.18M 	0.00%
Jul 13, 2017 	14.000 	14.100 	14.160 	13.960 	6.10M 	0.00%
Jul 12, 2017 	14.000 	14.000 	14.080 	13.980 	14.40M 	0.00%
Jul 11, 2017 	14.000 	14.040 	14.120 	14.000 	5.59M 	0.00%
Jul 10, 2017 	14.000 	14.200 	14.200 	14.000 	3.05M 	-1.13%
Jul 07, 2017 	14.160 	14.200 	14.220 	14.120 	2.08M 	0.14%
Jul 06, 2017 	14.140 	14.200 	14.300 	14.100 	3.00M 	-0.28%
Jul 05, 2017 	14.180 	14.320 	14.320 	14.100 	5.02M 	-0.98%
Jul 04, 2017 	14.320 	14.400 	14.400 	14.300 	2.80M 	-0.56%
Jul 03, 2017 	14.400 	14.300 	14.400 	14.280 	1.44M 	0.70%
Jun 30, 2017 	14.300 	14.100 	14.500 	13.980 	6.45M 	2.14%
Jun 29, 2017 	14.000 	14.560 	14.560 	13.900 	4.83M 	-2.78%
Jun 28, 2017 	14.400 	14.660 	14.660 	14.400 	2.63M 	-1.77%
Jun 27, 2017 	14.660 	14.600 	14.660 	14.480 	5.40M 	0.83%
Jun 23, 2017 	14.540 	14.480 	14.600 	14.220 	3.95M 	0.97%
Jun 22, 2017 	14.400 	14.340 	14.480 	14.120 	10.20M 	2.13%
Jun 21, 2017 	14.100 	14.160 	14.160 	14.060 	4.61M 	0.28%
Jun 20, 2017 	14.060 	14.300 	14.320 	14.000 	4.63M 	-1.68%
Jun 19, 2017 	14.300 	14.160 	14.320 	14.140 	4.08M 	1.13%
Jun 16, 2017 	14.140 	14.200 	14.360 	14.080 	6.15M 	-0.42%
Jun 15, 2017 	14.200 	14.380 	14.380 	14.180 	3.67M 	-1.39%
Jun 14, 2017 	14.400 	13.960 	14.400 	13.780 	6.74M 	5.42%
Jun 13, 2017 	13.660 	14.400 	14.400 	13.660 	9.75M 	-5.40%
Jun 09, 2017 	14.440 	14.480 	14.520 	14.400 	6.00M 	-0.28%
Jun 08, 2017 	14.480 	14.860 	14.860 	14.420 	6.69M 	-1.36%
Jun 07, 2017 	14.680 	14.400 	14.680 	14.400 	11.81M 	3.38%
Jun 06, 2017 	14.200 	14.800 	14.840 	14.200 	10.42M 	-4.05%
Jun 05, 2017 	14.800 	14.720 	14.840 	14.400 	17.92M 	0.41%
Jun 02, 2017 	14.740 	15.160 	15.320 	14.620 	25.92M 	-3.79%
Jun 01, 2017 	15.320 	15.420 	15.420 	15.220 	6.72M 	-1.03%
May 31, 2017 	15.480 	15.360 	15.480 	15.140 	156.84M 	1.84%
May 30, 2017 	15.200 	15.300 	15.400 	15.140 	5.68M 	-0.65%
May 29, 2017 	15.300 	15.260 	15.440 	15.260 	11.04M 	0.00%
May 26, 2017 	15.300 	15.100 	15.340 	15.100 	7.79M 	1.32%
May 25, 2017 	15.100 	15.220 	15.340 	15.020 	9.13M 	-0.79%
May 24, 2017 	15.220 	15.020 	15.220 	14.900 	11.95M 	-0.13%
May 23, 2017 	15.240 	15.000 	15.300 	14.900 	22.70M 	1.74%
May 22, 2017 	14.980 	14.720 	15.000 	14.720 	11.04M 	0.54%
May 19, 2017 	14.900 	14.860 	15.040 	14.860 	7.49M 	0.27%
May 18, 2017 	14.860 	15.000 	15.000 	14.780 	9.19M 	-0.93%
May 17, 2017 	15.000 	15.160 	15.220 	14.840 	14.60M 	-1.06%
May 16, 2017 	15.160 	15.100 	15.160 	14.980 	47.28M 	3.13%
May 15, 2017 	14.700 	14.220 	14.760 	14.220 	24.03M 	4.11%
May 12, 2017 	14.120 	14.140 	14.200 	14.000 	8.60M 	-0.14%
May 11, 2017 	14.140 	14.400 	14.640 	14.100 	17.15M 	-0.84%
May 10, 2017 	14.260 	14.780 	14.800 	14.260 	9.48M 	-3.13%
May 09, 2017 	14.720 	14.700 	14.840 	14.580 	9.49M 	0.14%
May 08, 2017 	14.700 	14.300 	14.740 	14.300 	13.59M 	3.09%
May 05, 2017 	14.260 	14.260 	14.440 	14.200 	8.78M 	0.00%
May 04, 2017 	14.260 	14.120 	14.400 	14.040 	9.51M 	0.71%
May 03, 2017 	14.160 	14.360 	14.360 	14.100 	6.27M 	-1.12%
May 02, 2017 	14.320 	14.600 	14.800 	14.180 	8.52M 	-3.24%
Apr 27, 2017 	14.800 	14.920 	14.920 	14.640 	5.47M 	-0.80%
Apr 26, 2017 	14.920 	14.640 	14.920 	14.620 	11.51M 	2.19%
Apr 25, 2017 	14.600 	14.540 	14.700 	14.500 	6.25M 	0.27%
Apr 24, 2017 	14.560 	14.780 	14.780 	14.540 	1.69M 	-0.95%
Apr 21, 2017 	14.700 	14.780 	14.800 	14.580 	6.59M 	-0.54%
Apr 20, 2017 	14.780 	14.540 	14.800 	14.400 	6.65M 	1.65%
Apr 19, 2017 	14.540 	14.600 	14.600 	14.480 	5.67M 	-0.41%
Apr 18, 2017 	14.600 	14.200 	14.600 	14.200 	22.89M 	3.55%
Apr 17, 2017 	14.100 	14.320 	14.340 	14.020 	6.89M 	-1.54%
Apr 12, 2017 	14.320 	13.920 	14.320 	13.840 	11.77M 	3.32%
Apr 11, 2017 	13.860 	13.680 	14.120 	13.600 	13.93M 	1.32%
Apr 10, 2017 	13.680 	13.600 	13.840 	13.600 	7.82M 	0.59%
Apr 07, 2017 	13.600 	13.420 	13.860 	13.420 	13.94M 	1.49%
Apr 06, 2017 	13.400 	13.000 	13.400 	13.000 	149.13M 	3.24%
Apr 05, 2017 	12.980 	12.900 	13.000 	12.900 	3.96M 	0.62%
Apr 04, 2017 	12.900 	12.900 	12.980 	12.880 	3.98M 	0.31%
Apr 03, 2017 	12.860 	12.760 	12.900 	12.680 	2.25M 	1.42%
Mar 31, 2017 	12.680 	12.460 	12.680 	12.460 	1.80M 	1.77%
Mar 30, 2017 	12.460 	12.580 	12.700 	12.460 	4.07M 	0.16%
Mar 29, 2017 	12.440 	12.800 	12.800 	12.440 	11.47M 	-2.05%
Mar 28, 2017 	12.700 	12.820 	12.960 	12.520 	4.98M 	-1.24%
Mar 27, 2017 	12.860 	12.920 	13.000 	12.840 	3.72M 	-1.23%
Mar 24, 2017 	13.020 	13.000 	13.100 	12.960 	2.90M 	0.15%
Mar 23, 2017 	13.000 	12.940 	13.080 	12.900 	18.10M 	0.93%
Mar 22, 2017 	12.880 	12.800 	12.980 	12.720 	4.06M 	0.78%
Mar 21, 2017 	12.780 	12.700 	12.860 	12.680 	13.40M 	0.63%
Mar 20, 2017 	12.700 	12.700 	12.720 	12.600 	2.27M 	0.16%
Mar 17, 2017 	12.680 	12.460 	12.680 	12.340 	9.37M 	1.44%
Mar 16, 2017 	12.500 	12.340 	12.540 	12.340 	1.30M 	1.30%
Mar 15, 2017 	12.340 	12.560 	12.700 	12.200 	8.96M 	-1.75%
Mar 14, 2017 	12.560 	12.620 	12.700 	12.520 	4.96M 	0.48%
Mar 13, 2017 	12.500 	12.400 	12.600 	12.340 	33.60M 	1.46%
Mar 10, 2017 	12.320 	12.400 	12.460 	12.320 	4.61M 	-0.32%
Mar 09, 2017 	12.360 	12.460 	12.540 	12.340 	4.59M 	-0.16%
Mar 08, 2017 	12.380 	12.580 	12.660 	12.380 	7.45M 	-1.59%
Mar 07, 2017 	12.580 	12.660 	12.700 	12.580 	4.39M 	-0.63%
Mar 06, 2017 	12.660 	12.500 	12.720 	12.500 	12.62M 	1.28%
Mar 03, 2017 	12.500 	12.680 	12.680 	12.460 	11.51M 	-1.26%
Mar 02, 2017 	12.660 	12.680 	12.720 	12.500 	5.54M 	-0.16%
Mar 01, 2017 	12.680 	12.700 	12.880 	12.500 	63.13M 	-0.16%
Feb 28, 2017 	12.700 	12.840 	12.840 	12.680 	11.84M 	-0.78%
Feb 27, 2017 	12.800 	12.780 	12.900 	12.780 	988.80K 	0.16%
Feb 24, 2017 	12.780 	12.820 	12.940 	12.760 	5.34M 	-0.31%
Feb 23, 2017 	12.820 	13.000 	13.020 	12.820 	5.82M 	-1.08%
Feb 22, 2017 	12.960 	12.880 	12.980 	12.880 	6.39M 	0.62%
Feb 21, 2017 	12.880 	12.840 	12.920 	12.800 	7.90M 	0.31%
Feb 20, 2017 	12.840 	12.820 	12.940 	12.820 	7.53M 	0.16%
Feb 17, 2017 	12.820 	13.000 	13.060 	12.800 	14.97M 	-1.23%
Feb 16, 2017 	12.980 	13.000 	13.020 	12.940 	5.75M 	0.78%
Feb 15, 2017 	12.880 	12.900 	13.080 	12.820 	30.95M 	0.00%
Feb 14, 2017 	12.880 	12.820 	12.880 	12.700 	5.57M 	0.62%
Feb 13, 2017 	12.800 	12.740 	12.800 	12.600 	2.29M 	0.79%
Feb 10, 2017 	12.700 	12.800 	12.800 	12.580 	4.30M 	-0.31%
Feb 09, 2017 	12.740 	12.700 	12.760 	12.660 	8.58M 	0.95%
Feb 08, 2017 	12.620 	12.560 	12.700 	12.500 	4.19M 	0.32%
Feb 07, 2017 	12.580 	12.680 	12.680 	12.540 	4.16M 	-0.63%
Feb 06, 2017 	12.660 	12.680 	12.740 	12.660 	10.26M 	0.32%
Feb 03, 2017 	12.620 	12.800 	12.800 	12.600 	2.94M 	-1.41%
Feb 02, 2017 	12.800 	12.600 	12.820 	12.600 	4.32M 	1.59%
Feb 01, 2017 	12.600 	12.640 	12.700 	12.560 	3.33M 	0.48%
Jan 31, 2017 	12.540 	12.720 	12.840 	12.540 	4.53M 	-1.26%
Jan 30, 2017 	12.700 	13.040 	13.040 	12.660 	4.87M 	-1.24%
Jan 27, 2017 	12.860 	12.860 	13.020 	12.800 	8.56M 	0.47%
Jan 26, 2017 	12.800 	12.860 	12.880 	12.760 	2.68M 	-0.47%
Jan 25, 2017 	12.860 	12.960 	13.020 	12.780 	2.61M 	0.00%
Jan 24, 2017 	12.860 	12.660 	12.960 	12.660 	5.84M 	2.06%
Jan 23, 2017 	12.600 	12.760 	12.760 	12.600 	9.49M 	-1.25%
Jan 20, 2017 	12.760 	12.880 	12.880 	12.720 	4.39M 	-0.93%
Jan 19, 2017 	12.880 	12.900 	13.100 	12.820 	3.79M 	1.10%
Jan 18, 2017 	12.740 	12.660 	12.940 	12.620 	6.06M 	0.00%
Jan 17, 2017 	12.740 	13.000 	13.000 	12.600 	3.66M 	-1.85%
Jan 16, 2017 	12.980 	13.120 	13.120 	12.900 	6.34M 	-1.67%
Jan 13, 2017 	13.200 	13.400 	13.560 	13.140 	2.97M 	-0.75%
Jan 12, 2017 	13.300 	13.400 	13.600 	13.240 	2.47M 	-0.60%
Jan 11, 2017 	13.380 	13.680 	13.900 	13.380 	5.07M 	-2.34%
Jan 10, 2017 	13.700 	13.400 	13.900 	13.380 	6.70M 	2.39%
Jan 09, 2017 	13.380 	13.400 	13.400 	13.280 	2.26M 	-0.15%
Jan 06, 2017 	13.400 	13.200 	13.540 	13.040 	11.81M 	2.29%
Jan 05, 2017 	13.100 	13.220 	13.360 	13.080 	7.88M 	-0.76%
Jan 04, 2017 	13.200 	12.800 	13.300 	12.800 	7.39M 	3.12%
Jan 03, 2017 	12.800 	12.640 	12.800 	12.620 	2.03M 	0.16%
Dec 29, 2016 	12.780 	12.700 	12.880 	12.520 	3.46M 	0.47%
Dec 28, 2016 	12.720 	12.500 	12.720 	12.500 	3.07M 	1.76%
Dec 27, 2016 	12.500 	12.300 	12.500 	12.220 	717.30K 	1.63%
Dec 23, 2016 	12.300 	12.620 	12.620 	12.200 	3.58M 	-2.38%
Dec 22, 2016 	12.600 	12.700 	12.700 	12.520 	5.07M 	-0.32%
Dec 21, 2016 	12.640 	12.740 	12.800 	12.600 	3.84M 	0.00%
Dec 20, 2016 	12.640 	12.660 	12.680 	12.600 	6.67M 	-0.16%
Dec 19, 2016 	12.660 	12.900 	12.900 	12.620 	6.66M 	-1.86%
Dec 16, 2016 	12.900 	12.800 	12.900 	12.640 	4.87M 	1.57%
Dec 15, 2016 	12.700 	12.620 	12.760 	12.520 	3.16M 	-0.47%
Dec 14, 2016 	12.760 	12.660 	12.780 	12.580 	6.42M 	0.95%
Dec 13, 2016 	12.640 	12.900 	12.900 	12.560 	4.16M 	-1.86%
Dec 12, 2016 	12.880 	13.260 	13.260 	12.720 	2.39M 	-2.87%
Dec 09, 2016 	13.260 	13.200 	13.280 	13.080 	5.49M 	0.91%
Dec 08, 2016 	13.140 	13.040 	13.140 	12.880 	4.34M 	1.08%
Dec 07, 2016 	13.000 	12.960 	13.060 	12.880 	931.80K 	0.62%
Dec 06, 2016 	12.920 	12.900 	12.980 	12.800 	2.07M 	0.31%
Dec 05, 2016 	12.880 	13.080 	13.080 	12.860 	4.80M 	-1.08%
Dec 02, 2016 	13.020 	13.160 	13.160 	12.720 	5.79M 	-0.61%
Dec 01, 2016 	13.100 	13.100 	13.260 	13.000 	5.32M 	0.77%
Nov 29, 2016 	13.000 	13.100 	13.100 	12.600 	11.84M 	-0.76%
Nov 28, 2016 	13.100 	13.260 	13.260 	12.700 	4.32M 	0.00%
Nov 25, 2016 	13.100 	13.120 	13.300 	13.040 	5.18M 	0.77%
Nov 24, 2016 	13.000 	12.940 	13.120 	12.920 	6.17M 	0.46%
Nov 23, 2016 	12.940 	12.800 	12.980 	12.800 	3.43M 	1.41%
Nov 22, 2016 	12.760 	12.700 	12.860 	12.520 	23.90M 	0.47%
Nov 21, 2016 	12.700 	12.900 	12.900 	12.400 	3.30M 	-1.55%
Nov 18, 2016 	12.900 	12.960 	13.080 	12.900 	3.05M 	0.00%
Nov 17, 2016 	12.900 	12.840 	13.140 	12.780 	3.34M 	1.57%
Nov 16, 2016 	12.700 	12.620 	13.100 	12.620 	2.86M 	1.60%
Nov 15, 2016 	12.500 	12.800 	13.100 	12.500 	5.07M 	-2.34%
Nov 14, 2016 	12.800 	12.800 	12.800 	12.220 	8.56M 	-0.31%
Nov 11, 2016 	12.840 	13.500 	13.600 	12.820 	8.15M 	-5.59%
Nov 10, 2016 	13.600 	13.500 	13.600 	13.360 	3.61M 	1.49%
Nov 09, 2016 	13.400 	13.800 	13.800 	13.200 	2.71M 	-3.60%
Nov 08, 2016 	13.900 	13.520 	13.900 	13.460 	4.84M 	3.73%
Nov 07, 2016 	13.400 	13.640 	13.700 	13.400 	4.54M 	-1.33%
Nov 04, 2016 	13.580 	13.660 	13.740 	13.500 	8.90M 	-1.74%
Nov 03, 2016 	13.820 	13.900 	13.900 	13.400 	10.25M 	-1.14%
Nov 02, 2016 	13.980 	14.580 	14.580 	13.960 	5.21M 	-1.96%
Oct 28, 2016 	14.260 	14.200 	14.260 	14.040 	6.45M 	0.42%
Oct 27, 2016 	14.200 	14.600 	14.600 	14.200 	6.53M 	-2.74%
Oct 26, 2016 	14.600 	15.200 	15.200 	14.520 	8.60M 	-3.95%
Oct 25, 2016 	15.200 	15.340 	15.340 	15.180 	1.87M 	-0.52%
Oct 24, 2016 	15.280 	15.280 	15.280 	15.140 	2.61M 	0.00%
Oct 21, 2016 	15.280 	15.480 	15.480 	15.260 	2.56M 	-0.52%
Oct 20, 2016 	15.360 	15.280 	15.400 	15.260 	3.59M 	1.19%
Oct 19, 2016 	15.180 	15.300 	15.500 	15.180 	3.56M 	-0.39%
Oct 18, 2016 	15.240 	15.000 	15.280 	14.980 	7.19M 	0.79%
Oct 17, 2016 	15.120 	15.100 	15.200 	15.020 	3.37M 	0.80%
Oct 14, 2016 	15.000 	15.220 	15.380 	15.000 	3.65M 	-1.45%
Oct 13, 2016 	15.220 	15.560 	15.700 	15.220 	4.09M 	-2.69%
Oct 12, 2016 	15.640 	15.780 	15.800 	15.580 	4.41M 	-1.01%
Oct 11, 2016 	15.800 	15.680 	15.900 	15.680 	3.03M 	0.77%
Oct 10, 2016 	15.680 	15.800 	15.800 	15.640 	2.60M 	-0.76%
Oct 07, 2016 	15.800 	15.960 	15.960 	15.500 	2.74M 	-0.75%
Oct 06, 2016 	15.920 	15.760 	15.980 	15.760 	1.96M 	0.13%
Oct 05, 2016 	15.900 	16.000 	16.000 	15.800 	3.48M 	-0.63%
Oct 04, 2016 	16.000 	15.980 	16.000 	15.900 	4.76M 	0.76%
Oct 03, 2016 	15.880 	15.880 	16.080 	15.840 	2.90M 	-0.13%
Sep 30, 2016 	15.900 	16.020 	16.020 	15.840 	4.74M 	-0.63%
Sep 29, 2016 	16.000 	16.080 	16.080 	15.940 	7.44M 	-0.62%
Sep 28, 2016 	16.100 	15.900 	16.100 	15.760 	1.74M 	1.51%
Sep 27, 2016 	15.860 	16.160 	16.160 	15.780 	5.70M 	-2.10%
Sep 26, 2016 	16.200 	16.420 	16.420 	16.040 	3.49M 	-1.22%
Sep 23, 2016 	16.400 	16.500 	16.500 	16.240 	3.32M 	-0.61%
Sep 22, 2016 	16.500 	16.220 	16.500 	16.220 	2.33M 	1.73%
Sep 21, 2016 	16.220 	16.400 	16.400 	16.160 	2.46M 	-0.86%
Sep 20, 2016 	16.360 	16.400 	16.440 	16.200 	7.72M 	0.62%
Sep 19, 2016 	16.260 	16.300 	16.300 	16.100 	4.44M 	0.37%
Sep 16, 2016 	16.200 	16.200 	16.300 	16.100 	6.80M 	-0.37%
Sep 15, 2016 	16.260 	16.320 	16.340 	16.120 	4.50M 	-0.37%
Sep 14, 2016 	16.320 	16.440 	16.440 	16.140 	3.09M 	-0.73%
Sep 13, 2016 	16.440 	16.500 	16.500 	16.300 	2.63M 	0.86%
Sep 09, 2016 	16.300 	16.700 	16.700 	16.300 	3.22M 	-2.40%
Sep 08, 2016 	16.700 	16.220 	16.700 	16.000 	4.55M 	2.45%
Sep 07, 2016 	16.300 	16.820 	16.820 	16.300 	6.06M 	-3.09%
Sep 06, 2016 	16.820 	16.800 	17.000 	16.600 	9.91M 	0.12%
Sep 05, 2016 	16.800 	16.420 	16.800 	16.340 	3.77M 	2.44%
Sep 02, 2016 	16.400 	16.180 	16.540 	16.180 	5.51M 	1.36%
Sep 01, 2016 	16.180 	16.200 	16.300 	16.100 	6.69M 	-0.74%
Aug 31, 2016 	16.300 	16.320 	16.400 	16.000 	6.51M 	-0.73%
Aug 30, 2016 	16.420 	16.400 	16.420 	16.160 	3.71M 	0.12%
Aug 26, 2016 	16.400 	16.360 	16.820 	16.360 	7.45M 	1.23%
Aug 25, 2016 	16.200 	16.200 	16.280 	16.100 	2.57M 	-0.49%
Aug 24, 2016 	16.280 	16.440 	16.460 	16.100 	1.94M 	-1.09%
Aug 23, 2016 	16.460 	16.280 	16.460 	16.060 	4.76M 	1.11%
Aug 22, 2016 	16.280 	16.040 	16.280 	16.040 	4.28M 	1.50%
Aug 19, 2016 	16.040 	16.280 	16.280 	16.000 	3.19M 	-1.60%
Aug 18, 2016 	16.300 	16.000 	16.300 	15.900 	3.45M 	1.87%
Aug 17, 2016 	16.000 	15.900 	16.000 	15.660 	4.15M 	0.50%
Aug 16, 2016 	15.920 	16.020 	16.120 	15.780 	4.78M 	-0.50%
Aug 15, 2016 	16.000 	16.000 	16.000 	15.780 	3.94M 	0.00%
Aug 12, 2016 	16.000 	16.200 	16.220 	15.780 	5.80M 	0.00%
Aug 11, 2016 	16.000 	16.420 	16.420 	15.980 	4.27M 	-2.44%
Aug 10, 2016 	16.400 	16.400 	16.440 	16.280 	1.98M 	0.00%
Aug 09, 2016 	16.400 	16.220 	16.420 	16.200 	4.36M 	1.23%
Aug 08, 2016 	16.200 	16.000 	16.220 	15.980 	2.05M 	1.25%
Aug 05, 2016 	16.000 	15.840 	16.080 	15.840 	2.87M 	1.01%
Aug 04, 2016 	15.840 	15.800 	16.000 	15.800 	2.62M 	0.00%
Aug 03, 2016 	15.840 	16.260 	16.260 	15.700 	4.58M 	-2.58%
Aug 02, 2016 	16.260 	16.260 	16.260 	16.100 	2.48M 	0.00%
Aug 01, 2016 	16.260 	16.260 	16.260 	16.020 	3.73M 	0.62%
Jul 29, 2016 	16.160 	16.140 	16.380 	16.080 	4.09M 	0.12%
Jul 28, 2016 	16.140 	16.440 	16.440 	16.100 	4.87M 	-0.98%
Jul 27, 2016 	16.300 	16.400 	16.400 	16.200 	3.92M 	-0.61%
Jul 26, 2016 	16.400 	16.600 	16.620 	16.160 	7.56M 	-0.97%
Jul 25, 2016 	16.560 	16.600 	16.640 	16.500 	9.44M 	-0.12%
Jul 22, 2016 	16.580 	16.300 	16.760 	16.300 	11.62M 	1.84%
Jul 21, 2016 	16.280 	16.240 	16.340 	16.220 	4.66M 	0.37%
Jul 20, 2016 	16.220 	16.320 	16.320 	16.140 	1.80M 	-0.61%
Jul 19, 2016 	16.320 	16.160 	16.360 	16.100 	9.99M 	1.75%
Jul 18, 2016 	16.040 	16.380 	16.380 	15.840 	7.16M 	-1.60%
Jul 15, 2016 	16.300 	16.120 	16.380 	16.120 	7.43M 	1.87%
Jul 14, 2016 	16.000 	15.700 	16.240 	15.560 	13.10M 	2.56%
Jul 13, 2016 	15.600 	15.300 	15.740 	15.300 	6.11M 	2.09%
Jul 12, 2016 	15.280 	15.280 	15.440 	15.220 	5.10M 	0.13%
Jul 11, 2016 	15.260 	15.300 	15.300 	15.200 	3.88M 	0.00%
Jul 08, 2016 	15.260 	15.220 	15.280 	15.140 	2.03M 	-0.13%
Jul 07, 2016 	15.280 	15.300 	15.340 	15.080 	2.84M 	-0.13%
Jul 05, 2016 	15.300 	15.200 	15.400 	15.160 	2.80M 	0.66%
Jul 04, 2016 	15.200 	15.220 	15.320 	15.120 	4.63M 	0.00%
Jul 01, 2016 	15.200 	14.940 	15.280 	14.940 	4.46M 	2.70%
Jun 30, 2016 	14.800 	15.220 	15.500 	14.800 	6.63M 	-2.63%
Jun 29, 2016 	15.200 	15.200 	15.360 	15.160 	7.73M 	0.13%
Jun 28, 2016 	15.180 	15.380 	15.400 	15.120 	8.89M 	-1.30%
Jun 27, 2016 	15.380 	15.400 	15.600 	15.040 	6.33M 	-1.41%
Jun 24, 2016 	15.600 	15.700 	15.780 	15.420 	3.56M 	-1.27%
Jun 23, 2016 	15.800 	15.800 	15.800 	15.620 	1.79M 	0.00%
Jun 22, 2016 	15.800 	15.900 	15.900 	15.760 	9.24M 	0.00%
Jun 21, 2016 	15.800 	15.800 	15.880 	15.760 	13.71M 	0.64%
Jun 20, 2016 	15.700 	15.880 	15.880 	15.700 	4.35M 	-1.26%
Jun 17, 2016 	15.900 	16.000 	16.040 	15.900 	5.52M 	0.00%
Jun 16, 2016 	15.900 	15.840 	16.000 	15.840 	5.43M 	-0.38%
Jun 15, 2016 	15.960 	15.900 	15.960 	15.800 	1.57M 	-0.25%
Jun 14, 2016 	16.000 	15.940 	16.000 	15.600 	3.88M 	0.00%
Jun 13, 2016 	16.000 	15.940 	16.000 	15.480 	4.66M 	0.13%
Jun 10, 2016 	15.980 	15.500 	15.980 	15.500 	4.12M 	3.10%
Jun 09, 2016 	15.500 	16.100 	16.100 	15.500 	1.67M 	-3.73%
Jun 08, 2016 	16.100 	15.700 	16.120 	15.700 	10.90M 	3.47%
Jun 07, 2016 	15.560 	15.540 	15.920 	15.520 	5.32M 	0.91%
Jun 06, 2016 	15.420 	15.780 	15.800 	15.420 	2.92M 	-1.66%
Jun 03, 2016 	15.680 	15.500 	15.680 	15.460 	7.15M 	1.16%
Jun 02, 2016 	15.500 	15.500 	15.540 	15.400 	4.07M 	0.65%
Jun 01, 2016 	15.400 	15.220 	15.540 	15.220 	6.65M 	1.18%
May 31, 2016 	15.220 	15.700 	15.700 	15.220 	13.50M 	-1.81%
May 30, 2016 	15.500 	15.320 	15.800 	15.240 	6.31M 	1.31%
May 27, 2016 	15.300 	15.100 	15.380 	15.100 	7.04M 	2.00%
May 26, 2016 	15.000 	14.800 	15.140 	14.760 	10.67M 	1.63%
May 25, 2016 	14.760 	14.660 	14.780 	14.520 	9.22M 	1.23%
May 24, 2016 	14.580 	14.500 	14.680 	14.400 	9.61M 	1.53%
May 23, 2016 	14.360 	14.440 	14.440 	14.280 	3.33M 	0.98%
May 20, 2016 	14.220 	14.560 	14.560 	14.040 	4.57M 	-2.34%
May 19, 2016 	14.560 	14.580 	14.700 	14.540 	9.68M 	-0.14%
May 18, 2016 	14.580 	14.260 	14.660 	14.260 	21.17M 	2.39%
May 17, 2016 	14.240 	14.300 	14.380 	14.140 	14.47M 	-0.14%
May 16, 2016 	14.260 	14.600 	14.600 	14.220 	6.12M 	-2.33%
May 13, 2016 	14.600 	14.660 	14.800 	14.480 	9.35M 	0.97%
May 12, 2016 	14.460 	14.520 	14.680 	14.400 	5.21M 	0.00%
May 11, 2016 	14.460 	14.420 	14.800 	14.420 	23.61M 	0.70%
May 10, 2016 	14.360 	14.200 	14.360 	13.980 	9.25M 	0.00%
May 06, 2016 	14.360 	14.300 	14.360 	14.120 	5.43M 	0.00%
May 05, 2016 	14.360 	14.520 	14.520 	14.220 	2.28M 	-2.31%
May 04, 2016 	14.700 	14.780 	14.780 	14.420 	1.37M 	-1.08%
May 03, 2016 	14.860 	14.600 	14.860 	14.420 	3.28M 	3.48%
May 02, 2016 	14.360 	14.500 	14.520 	14.100 	3.30M 	-0.97%
Apr 29, 2016 	14.500 	14.780 	14.780 	14.500 	15.05M 	0.00%
Apr 28, 2016 	14.500 	15.100 	15.300 	14.500 	5.94M 	-4.86%
Apr 27, 2016 	15.240 	15.700 	15.700 	15.160 	5.00M 	-3.79%
Apr 26, 2016 	15.840 	16.000 	16.000 	15.700 	3.97M 	-1.00%
Apr 25, 2016 	16.000 	16.420 	16.420 	15.940 	5.41M 	-2.79%
Apr 22, 2016 	16.460 	16.440 	16.600 	16.420 	6.44M 	-1.32%
Apr 21, 2016 	16.680 	16.400 	16.680 	16.340 	6.28M 	1.83%
Apr 20, 2016 	16.380 	16.360 	16.460 	16.340 	2.90M 	0.12%
Apr 19, 2016 	16.360 	16.240 	16.420 	16.240 	7.06M 	0.99%
Apr 18, 2016 	16.200 	16.520 	16.520 	16.200 	1.70M 	-1.94%
Apr 15, 2016 	16.520 	16.720 	16.720 	16.420 	2.06M 	-1.08%
Apr 14, 2016 	16.700 	16.800 	16.820 	16.700 	4.49M 	0.00%
Apr 13, 2016 	16.700 	16.820 	16.820 	16.620 	3.64M 	-0.48%
Apr 12, 2016 	16.780 	16.880 	16.900 	16.700 	3.14M 	-0.71%
Apr 11, 2016 	16.900 	16.980 	16.980 	16.760 	824.30K 	0.84%
Apr 08, 2016 	16.760 	17.000 	17.000 	16.680 	6.15M 	-1.41%
Apr 07, 2016 	17.000 	16.720 	17.000 	16.600 	5.70M 	2.16%
Apr 06, 2016 	16.640 	16.580 	16.700 	16.420 	5.16M 	0.24%
Apr 05, 2016 	16.600 	16.500 	16.600 	16.420 	2.53M 	0.36%
Apr 04, 2016 	16.540 	16.500 	16.680 	16.400 	1.70M 	0.36%
Apr 01, 2016 	16.480 	16.520 	16.900 	16.280 	7.96M 	-0.12%
Mar 31, 2016 	16.500 	17.020 	17.120 	16.500 	6.44M 	-3.06%
Mar 30, 2016 	17.020 	16.920 	17.200 	16.920 	3.69M 	0.71%
Mar 29, 2016 	16.900 	17.220 	17.420 	16.880 	6.54M 	-1.86%
Mar 28, 2016 	17.220 	16.960 	17.360 	16.780 	8.88M 	1.65%
Mar 23, 2016 	16.940 	16.200 	16.980 	16.200 	14.75M 	5.48%
Mar 22, 2016 	16.060 	16.000 	16.100 	15.980 	13.37M 	0.37%
Mar 21, 2016 	16.000 	16.000 	16.160 	15.980 	5.45M 	0.76%
Mar 18, 2016 	15.880 	16.000 	16.080 	15.880 	8.19M 	-0.75%
Mar 17, 2016 	16.000 	16.000 	16.000 	15.920 	3.46M 	1.01%
Mar 16, 2016 	15.840 	16.000 	16.100 	15.800 	6.70M 	-1.00%
Mar 15, 2016 	16.000 	16.000 	16.100 	15.880 	9.32M 	0.88%
Mar 14, 2016 	15.860 	16.280 	16.300 	15.860 	4.47M 	-0.88%
Mar 11, 2016 	16.000 	15.620 	16.100 	15.620 	8.27M 	-0.62%
Mar 10, 2016 	16.100 	15.400 	16.200 	15.400 	13.11M 	4.55%
Mar 09, 2016 	15.400 	15.280 	15.400 	15.240 	14.79M 	0.79%
Mar 08, 2016 	15.280 	15.480 	15.480 	15.180 	7.28M 	-1.16%
Mar 07, 2016 	15.460 	15.400 	15.600 	15.380 	7.32M 	1.05%
Mar 04, 2016 	15.300 	15.300 	15.500 	15.200 	6.03M 	0.00%
Mar 03, 2016 	15.300 	14.800 	15.500 	14.800 	10.39M 	3.38%
Mar 02, 2016 	14.800 	14.380 	14.800 	14.380 	2.93M 	2.92%
Mar 01, 2016 	14.380 	14.120 	14.500 	14.120 	2.55M 	-0.14%
Feb 29, 2016 	14.400 	14.500 	14.560 	14.200 	10.11M 	-0.69%
Feb 26, 2016 	14.500 	14.560 	14.560 	14.460 	9.16M 	-0.55%
Feb 24, 2016 	14.580 	14.580 	14.580 	14.440 	3.52M 	0.00%
Feb 23, 2016 	14.580 	14.360 	14.620 	14.360 	10.10M 	1.82%
Feb 22, 2016 	14.320 	14.600 	14.780 	14.280 	3.97M 	-1.92%
Feb 19, 2016 	14.600 	14.660 	14.800 	14.600 	9.47M 	-0.14%
Feb 18, 2016 	14.620 	14.500 	14.680 	14.500 	2.96M 	0.97%
Feb 17, 2016 	14.480 	14.500 	14.600 	14.340 	7.76M 	0.56%
Feb 16, 2016 	14.400 	14.280 	14.500 	14.280 	7.14M 	1.41%
Feb 15, 2016 	14.200 	14.280 	14.400 	14.160 	1.44M 	-0.28%
Feb 12, 2016 	14.240 	14.240 	14.280 	14.200 	2.07M 	0.00%
Feb 11, 2016 	14.240 	14.200 	14.340 	14.120 	5.98M 	1.71%
Feb 10, 2016 	14.000 	14.200 	14.340 	13.960 	5.40M 	-2.64%
Feb 09, 2016 	14.380 	14.660 	14.660 	14.360 	2.29M 	-2.18%
Feb 05, 2016 	14.700 	14.320 	14.760 	14.320 	6.19M 	1.66%
Feb 04, 2016 	14.460 	14.360 	14.560 	14.360 	6.15M 	-0.28%
Feb 03, 2016 	14.500 	14.520 	14.620 	14.200 	5.83M 	-0.82%
Feb 02, 2016 	14.620 	14.780 	14.780 	14.500 	8.09M 	-1.08%
Feb 01, 2016 	14.780 	14.800 	14.820 	14.700 	11.49M 	-0.14%
Jan 29, 2016 	14.800 	14.500 	14.800 	14.400 	8.35M 	2.07%
Jan 28, 2016 	14.500 	14.000 	14.500 	13.700 	15.24M 	3.57%
Jan 27, 2016 	14.000 	13.800 	14.200 	13.700 	9.22M 	2.19%
Jan 26, 2016 	13.700 	13.800 	14.140 	13.620 	5.41M 	-2.14%
Jan 25, 2016 	14.000 	13.560 	14.100 	13.560 	8.43M 	6.06%
Jan 22, 2016 	13.200 	13.000 	13.300 	12.680 	8.48M 	3.94%
Jan 21, 2016 	12.700 	13.800 	14.000 	12.600 	10.97M 	-7.97%
Jan 20, 2016 	13.800 	13.920 	14.200 	13.800 	6.78M 	-1.85%
Jan 19, 2016 	14.060 	13.940 	14.200 	13.940 	2.54M 	1.01%
Jan 18, 2016 	13.920 	14.420 	14.420 	13.760 	8.25M 	-4.79%
Jan 15, 2016 	14.620 	14.800 	14.820 	14.560 	3.20M 	0.14%
Jan 14, 2016 	14.600 	14.780 	14.780 	14.560 	2.59M 	-2.01%
Jan 13, 2016 	14.900 	15.020 	15.140 	14.900 	3.10M 	0.81%
Jan 12, 2016 	14.780 	14.620 	15.340 	14.620 	6.93M 	1.23%
Jan 11, 2016 	14.600 	15.200 	15.200 	14.560 	7.07M 	-3.95%
Jan 08, 2016 	15.200 	15.300 	15.600 	15.200 	3.82M 	-1.30%
Jan 07, 2016 	15.400 	16.000 	16.040 	15.400 	2.92M 	-3.99%
Jan 06, 2016 	16.040 	15.940 	16.180 	15.940 	4.00M 	0.25%
Jan 05, 2016 	16.000 	15.980 	16.040 	15.940 	8.21M 	0.13%
Jan 04, 2016 	15.980 	16.160 	16.500 	15.960 	7.78M 	-0.75%
Dec 29, 2015 	16.100 	16.860 	16.920 	16.100 	3.92M 	-4.17%
Dec 28, 2015 	16.800 	16.880 	16.880 	16.720 	3.21M 	0.48%
Dec 23, 2015 	16.720 	16.600 	16.900 	16.580 	5.88M 	1.21%
Dec 22, 2015 	16.520 	16.260 	16.620 	16.220 	3.32M 	1.60%
Dec 21, 2015 	16.260 	16.300 	16.340 	16.000 	1.86M 	0.00%
Dec 18, 2015 	16.260 	16.200 	16.260 	16.040 	4.50M 	-0.85%
Dec 17, 2015 	16.400 	16.000 	16.560 	16.000 	9.28M 	2.50%
Dec 16, 2015 	16.000 	15.760 	16.080 	15.640 	10.17M 	2.70%
Dec 15, 2015 	15.580 	15.500 	15.680 	15.500 	14.12M 	1.83%
Dec 14, 2015 	15.300 	15.600 	15.600 	15.160 	7.31M 	-1.92%
Dec 11, 2015 	15.600 	16.220 	16.500 	15.600 	9.40M 	-3.82%
Dec 10, 2015 	16.220 	16.680 	16.700 	16.000 	15.37M 	-2.87%
Dec 09, 2015 	16.700 	16.500 	16.820 	16.380 	1.95M 	1.21%
Dec 08, 2015 	16.500 	17.200 	17.200 	16.460 	2.30M 	-3.51%
Dec 07, 2015 	17.100 	17.100 	17.200 	17.080 	3.07M 	0.00%
Dec 04, 2015 	17.100 	17.300 	17.320 	17.100 	2.65M 	-2.29%
Dec 03, 2015 	17.500 	17.820 	17.820 	17.500 	2.42M 	-2.23%
Dec 02, 2015 	17.900 	17.900 	17.900 	17.800 	773.70K 	0.56%
Dec 01, 2015 	17.800 	17.700 	18.100 	17.700 	14.74M 	0.56%
Nov 27, 2015 	17.700 	17.960 	18.200 	17.700 	7.45M 	-1.56%
Nov 26, 2015 	17.980 	18.140 	18.140 	17.800 	9.25M 	0.78%
Nov 25, 2015 	17.840 	18.160 	18.160 	17.820 	6.48M 	-0.89%
Nov 24, 2015 	18.000 	18.160 	18.160 	17.600 	3.96M 	0.56%
Nov 23, 2015 	17.900 	17.900 	18.200 	17.500 	2.01M 	0.00%
Nov 20, 2015 	17.900 	17.800 	17.960 	17.020 	3.49M 	0.79%
Nov 17, 2015 	17.760 	17.780 	17.960 	17.680 	3.04M 	-0.11%
Nov 16, 2015 	17.780 	17.300 	17.780 	17.200 	2.45M 	-0.22%
Nov 13, 2015 	17.820 	17.820 	18.000 	17.200 	7.54M 	0.00%
Nov 12, 2015 	17.820 	18.100 	18.400 	17.820 	2.64M 	-2.09%
Nov 11, 2015 	18.200 	18.060 	18.460 	18.020 	3.28M 	-0.76%
Nov 10, 2015 	18.340 	18.200 	18.440 	18.100 	1.13M 	-1.29%
Nov 09, 2015 	18.580 	18.480 	18.580 	18.120 	1.30M 	0.32%
Nov 06, 2015 	18.520 	18.680 	18.680 	18.180 	6.11M 	-0.86%
Nov 05, 2015 	18.680 	18.600 	18.800 	18.600 	3.47M 	0.43%
Nov 04, 2015 	18.600 	18.580 	18.860 	18.440 	4.48M 	0.54%
Nov 03, 2015 	18.500 	18.500 	18.600 	18.400 	2.62M 	0.00%
Nov 02, 2015 	18.500 	18.400 	18.500 	18.100 	2.16M 	1.43%
Oct 30, 2015 	18.240 	18.560 	18.580 	18.000 	5.11M 	-1.51%
Oct 29, 2015 	18.520 	18.900 	19.000 	18.460 	5.06M 	-1.91%
Oct 28, 2015 	18.880 	18.800 	18.900 	18.520 	4.39M 	0.75%
Oct 27, 2015 	18.740 	18.500 	18.800 	18.360 	5.67M 	1.30%
Oct 26, 2015 	18.500 	18.400 	18.600 	18.400 	10.04M 	2.78%
Oct 23, 2015 	18.000 	18.180 	18.300 	17.980 	7.43M 	0.00%
Oct 22, 2015 	18.000 	17.900 	18.100 	17.900 	5.47M 	0.00%
Oct 21, 2015 	18.000 	18.080 	18.180 	17.840 	5.66M 	-0.33%
Oct 20, 2015 	18.060 	18.200 	18.360 	17.940 	2.60M 	-0.77%
Oct 19, 2015 	18.200 	18.300 	18.400 	18.180 	7.29M 	-0.33%
Oct 16, 2015 	18.260 	18.100 	18.400 	18.100 	8.37M 	1.11%
Oct 15, 2015 	18.060 	17.800 	18.100 	17.800 	3.94M 	1.46%
Oct 14, 2015 	17.800 	18.400 	18.400 	17.500 	9.24M 	-2.73%
Oct 13, 2015 	18.300 	18.500 	18.800 	18.300 	12.48M 	-1.08%
Oct 12, 2015 	18.500 	18.540 	18.760 	18.180 	9.58M 	0.22%
Oct 09, 2015 	18.460 	17.240 	18.460 	17.160 	12.78M 	7.70%
Oct 08, 2015 	17.140 	17.120 	17.440 	16.940 	8.68M 	0.82%
Oct 07, 2015 	17.000 	16.360 	17.000 	16.300 	9.81M 	3.91%
Oct 06, 2015 	16.360 	16.180 	16.520 	16.180 	12.56M 	1.74%
Oct 05, 2015 	16.080 	16.000 	16.300 	15.880 	20.27M 	-0.62%
Oct 02, 2015 	16.180 	16.500 	16.500 	16.100 	16.92M 	0.37%
Oct 01, 2015 	16.120 	15.700 	16.400 	15.660 	11.49M 	5.22%
Sep 30, 2015 	15.320 	16.460 	16.460 	15.160 	18.57M 	-6.93%
Sep 29, 2015 	16.460 	16.920 	16.920 	16.180 	10.19M 	-2.95%
Sep 28, 2015 	16.960 	18.200 	18.200 	16.540 	15.91M 	-6.50%
Sep 24, 2015 	18.140 	18.900 	19.000 	18.120 	12.60M 	-4.53%
Sep 23, 2015 	19.000 	19.600 	19.600 	18.880 	6.54M 	-3.06%
Sep 22, 2015 	19.600 	19.720 	19.840 	19.560 	4.29M 	-0.61%
Sep 21, 2015 	19.720 	19.900 	19.900 	19.540 	19.37M 	-0.90%
Sep 18, 2015 	19.900 	20.350 	20.450 	19.800 	6.92M 	-2.21%
Sep 17, 2015 	20.350 	20.400 	20.450 	20.250 	11.68M 	0.99%
Sep 16, 2015 	20.150 	20.100 	20.450 	20.000 	6.64M 	-0.49%
Sep 15, 2015 	20.250 	19.920 	20.400 	19.900 	5.74M 	1.25%
Sep 14, 2015 	20.000 	19.920 	20.100 	19.900 	2.88M 	0.50%
Sep 11, 2015 	19.900 	19.900 	19.980 	19.880 	3.18M 	0.10%
Sep 10, 2015 	19.880 	19.800 	20.150 	19.780 	7.26M 	0.40%
Sep 09, 2015 	19.800 	19.980 	20.100 	19.800 	4.72M 	-0.90%
Sep 08, 2015 	19.980 	20.000 	20.100 	19.520 	2.59M 	-0.60%
Sep 07, 2015 	20.100 	20.250 	20.300 	19.500 	3.81M 	-0.74%
Sep 04, 2015 	20.250 	20.250 	20.250 	20.100 	6.56M 	-0.25%
Sep 03, 2015 	20.300 	20.300 	20.300 	20.000 	7.89M 	0.50%
Sep 02, 2015 	20.200 	19.740 	20.200 	19.480 	5.40M 	1.41%
Sep 01, 2015 	19.920 	19.600 	20.500 	19.600 	9.08M 	0.61%
Aug 28, 2015 	19.800 	20.000 	20.350 	19.800 	8.94M 	0.00%
Aug 27, 2015 	19.800 	19.480 	20.000 	19.480 	36.47M 	2.59%
Aug 26, 2015 	19.300 	19.320 	19.440 	18.900 	8.63M 	-0.10%
Aug 25, 2015 	19.320 	18.200 	19.660 	18.040 	8.44M 	2.22%
Aug 24, 2015 	18.900 	19.700 	19.700 	18.420 	13.21M 	-6.20%
Aug 20, 2015 	20.150 	20.250 	20.600 	20.000 	18.45M 	-0.49%
Aug 19, 2015 	20.250 	21.600 	21.650 	20.250 	16.05M 	-6.25%
Aug 18, 2015 	21.600 	22.250 	22.250 	21.600 	8.41M 	-3.14%
Aug 17, 2015 	22.300 	22.500 	22.500 	22.200 	6.61M 	0.00%
Aug 14, 2015 	22.300 	22.700 	22.700 	22.100 	5.56M 	0.00%
Aug 13, 2015 	22.300 	22.300 	22.600 	22.200 	3.89M 	0.00%
Aug 12, 2015 	22.300 	22.100 	22.450 	22.100 	11.76M 	-1.11%
Aug 11, 2015 	22.550 	22.200 	22.550 	22.200 	5.42M 	1.58%
Aug 10, 2015 	22.200 	22.850 	22.900 	22.200 	3.10M 	-3.27%
Aug 07, 2015 	22.950 	22.850 	22.950 	22.700 	5.83M 	0.44%
Aug 06, 2015 	22.850 	23.000 	23.300 	22.850 	11.14M 	-0.87%
Aug 05, 2015 	23.050 	22.550 	23.200 	22.500 	5.33M 	2.22%
Aug 04, 2015 	22.550 	22.500 	22.600 	22.350 	8.21M 	0.89%
Aug 03, 2015 	22.350 	22.600 	22.600 	22.300 	5.24M 	-1.11%
Jul 31, 2015 	22.600 	22.600 	22.600 	22.200 	5.65M 	1.57%
Jul 30, 2015 	22.250 	22.400 	22.600 	22.250 	11.64M 	-0.22%
Jul 29, 2015 	22.300 	22.000 	22.850 	22.000 	1.94M 	1.36%
Jul 28, 2015 	22.000 	22.750 	22.750 	22.000 	2.95M 	-3.51%
Jul 27, 2015 	22.800 	23.300 	23.300 	22.800 	3.57M 	-2.98%
Jul 24, 2015 	23.500 	23.700 	23.700 	23.300 	1.50M 	-0.84%
Jul 23, 2015 	23.700 	23.400 	23.800 	23.150 	13.67M 	0.85%
Jul 22, 2015 	23.500 	23.300 	23.500 	23.100 	13.39M 	0.43%
Jul 21, 2015 	23.400 	22.550 	23.450 	22.550 	8.54M 	4.00%
Jul 20, 2015 	22.500 	22.900 	22.900 	22.400 	3.11M 	-1.75%
Jul 16, 2015 	22.900 	22.400 	23.050 	22.300 	3.47M 	2.00%
Jul 15, 2015 	22.450 	22.300 	22.650 	22.100 	33.16M 	0.67%
Jul 14, 2015 	22.300 	22.000 	22.300 	22.000 	3.31M 	1.59%
Jul 13, 2015 	21.950 	21.900 	22.100 	21.850 	6.15M 	-0.23%
Jul 10, 2015 	22.000 	22.150 	22.150 	21.850 	12.80M 	0.00%
Jul 09, 2015 	22.000 	21.850 	22.500 	21.500 	12.52M 	0.00%
Jul 08, 2015 	22.000 	21.800 	22.150 	21.750 	15.05M 	0.92%
Jul 07, 2015 	21.800 	21.800 	22.200 	21.700 	7.25M 	0.00%
Jul 06, 2015 	21.800 	22.050 	22.050 	21.750 	8.97M 	-1.58%
Jul 03, 2015 	22.150 	22.650 	22.650 	22.050 	1.32M 	-0.67%
Jul 02, 2015 	22.300 	22.450 	22.900 	22.300 	7.39M 	0.00%
Jul 01, 2015 	22.300 	21.800 	22.300 	21.800 	10.55M 	2.76%
Jun 30, 2015 	21.700 	22.250 	22.500 	21.700 	14.59M 	-3.56%
Jun 29, 2015 	22.500 	22.800 	22.800 	21.900 	3.41M 	-2.17%
Jun 26, 2015 	23.000 	22.800 	23.000 	22.650 	1.03M 	0.88%
Jun 25, 2015 	22.800 	22.950 	23.000 	22.600 	4.68M 	-0.87%
Jun 24, 2015 	23.000 	22.950 	23.050 	22.700 	4.50M 	2.22%
Jun 23, 2015 	22.500 	22.950 	23.050 	22.500 	9.14M 	-2.39%
Jun 22, 2015 	23.050 	22.900 	23.050 	22.750 	1.63M 	-0.22%
Jun 19, 2015 	23.100 	23.150 	23.300 	22.400 	5.14M 	0.22%
Jun 18, 2015 	23.050 	22.550 	23.200 	22.550 	5.10M 	2.67%
Jun 17, 2015 	22.450 	22.550 	22.700 	22.400 	33.32M 	-0.22%
Jun 16, 2015 	22.500 	22.500 	22.500 	22.400 	9.17M 	0.00%
Jun 15, 2015 	22.500 	22.500 	22.700 	22.450 	6.92M 	0.22%
Jun 11, 2015 	22.450 	21.900 	22.500 	21.900 	9.60M 	2.51%
Jun 10, 2015 	21.900 	21.500 	22.000 	21.500 	7.14M 	1.62%
Jun 09, 2015 	21.550 	22.200 	22.550 	21.500 	17.15M 	-3.36%
Jun 08, 2015 	22.300 	22.500 	22.500 	22.250 	11.07M 	-1.11%
Jun 05, 2015 	22.550 	22.550 	22.550 	22.400 	4.31M 	0.00%
Jun 04, 2015 	22.550 	22.500 	22.700 	22.400 	6.19M 	0.00%
Jun 03, 2015 	22.550 	22.500 	22.800 	22.500 	4.95M 	0.22%
Jun 02, 2015 	22.500 	23.300 	23.300 	22.500 	7.10M 	-3.64%
Jun 01, 2015 	23.350 	23.000 	23.400 	22.700 	2.24M 	1.74%
May 29, 2015 	22.950 	23.100 	23.500 	22.950 	10.63M 	-1.50%
May 28, 2015 	23.300 	22.700 	23.300 	22.500 	4.61M 	2.87%
May 27, 2015 	22.650 	22.650 	22.750 	22.300 	29.35M 	0.22%
May 26, 2015 	22.600 	22.800 	22.800 	22.350 	4.11M 	-0.66%
May 25, 2015 	22.750 	22.800 	23.050 	22.600 	4.91M 	0.22%
May 22, 2015 	22.700 	22.850 	22.950 	22.650 	16.35M 	0.67%
May 21, 2015 	22.550 	24.100 	24.250 	22.550 	41.95M 	-7.20%
May 20, 2015 	24.300 	25.000 	25.000 	24.150 	12.82M 	-2.02%
May 19, 2015 	24.800 	24.950 	25.000 	24.700 	15.26M 	-0.40%
May 18, 2015 	24.900 	24.450 	24.900 	24.450 	13.55M 	2.05%
May 15, 2015 	24.400 	24.200 	24.600 	24.200 	12.17M 	1.46%
May 14, 2015 	24.050 	24.550 	24.800 	24.000 	7.24M 	-1.84%
May 13, 2015 	24.500 	25.300 	25.350 	24.500 	4.99M 	-2.97%
May 12, 2015 	25.250 	24.850 	25.400 	24.700 	10.38M 	1.81%
May 11, 2015 	24.800 	24.700 	25.000 	24.550 	8.18M 	1.22%
May 08, 2015 	24.500 	24.750 	25.000 	24.300 	6.02M 	0.00%
May 07, 2015 	24.500 	24.850 	25.000 	24.450 	21.18M 	-2.39%
May 06, 2015 	25.100 	25.650 	25.650 	24.900 	9.92M 	-2.14%
May 05, 2015 	25.650 	25.650 	25.800 	25.500 	13.11M 	0.79%
May 04, 2015 	25.450 	25.750 	26.000 	24.900 	10.96M 	0.20%
Apr 30, 2015 	25.400 	26.450 	26.500 	25.400 	32.03M 	-3.61%
Apr 29, 2015 	26.350 	26.400 	26.750 	25.900 	5.90M 	-1.50%
Apr 28, 2015 	26.750 	26.900 	26.950 	26.450 	4.50M 	-0.37%
Apr 27, 2015 	26.850 	26.200 	27.100 	26.000 	13.79M 	2.48%
Apr 24, 2015 	26.200 	26.050 	26.300 	25.850 	3.19M 	1.55%
Apr 23, 2015 	25.800 	25.550 	26.150 	25.050 	7.77M 	1.18%
Apr 22, 2015 	25.500 	24.700 	25.500 	24.700 	7.43M 	3.45%
Apr 21, 2015 	24.650 	24.700 	24.800 	24.300 	11.18M 	2.07%
Apr 20, 2015 	24.150 	25.500 	25.500 	24.100 	15.25M 	-5.48%
Apr 17, 2015 	25.550 	26.050 	26.200 	25.400 	12.31M 	-0.20%
Apr 16, 2015 	25.600 	26.100 	26.300 	25.500 	12.03M 	-1.54%
Apr 15, 2015 	26.000 	27.250 	27.250 	25.800 	14.77M 	-4.59%
Apr 14, 2015 	27.250 	27.000 	27.250 	26.400 	4.51M 	0.93%
Apr 13, 2015 	27.000 	27.100 	27.700 	26.650 	10.25M 	-0.37%
Apr 10, 2015 	27.100 	26.900 	27.950 	26.900 	12.63M 	0.74%
Apr 08, 2015 	26.900 	27.000 	27.150 	26.700 	8.32M 	-0.37%
Apr 07, 2015 	27.000 	27.000 	27.600 	26.900 	11.57M 	0.00%
Apr 06, 2015 	27.000 	27.000 	27.200 	26.800 	5.82M 	0.00%
Apr 01, 2015 	27.000 	26.700 	27.150 	26.400 	11.02M 	1.89%
Mar 31, 2015 	26.500 	27.000 	27.000 	26.200 	11.21M 	0.00%
Mar 30, 2015 	26.500 	27.400 	27.450 	26.500 	6.76M 	-1.67%
Mar 27, 2015 	26.950 	26.900 	27.300 	26.800 	10.12M 	-1.10%
Mar 26, 2015 	27.250 	26.600 	27.250 	26.600 	5.93M 	-0.18%
Mar 25, 2015 	27.300 	26.800 	27.400 	26.300 	12.20M 	1.87%
Mar 24, 2015 	26.800 	26.800 	26.800 	26.550 	14.41M 	-0.37%
Mar 23, 2015 	26.900 	26.900 	27.100 	26.800 	9.85M 	0.00%
Mar 20, 2015 	26.900 	27.300 	27.300 	26.650 	10.24M 	-1.28%
Mar 19, 2015 	27.250 	26.700 	27.400 	26.650 	24.54M 	2.25%
Mar 18, 2015 	26.650 	26.300 	26.700 	26.250 	12.25M 	1.33%
Mar 17, 2015 	26.300 	25.950 	26.450 	25.900 	8.71M 	1.35%
Mar 16, 2015 	25.950 	26.100 	26.150 	25.700 	5.77M 	-0.57%
Mar 13, 2015 	26.100 	25.750 	26.150 	25.700 	10.78M 	0.77%
Mar 12, 2015 	25.900 	25.100 	25.900 	25.000 	22.57M 	2.78%
Mar 11, 2015 	25.200 	24.700 	25.200 	24.400 	13.90M 	2.02%
Mar 10, 2015 	24.700 	24.450 	24.700 	24.300 	16.12M 	1.44%
Mar 09, 2015 	24.350 	23.900 	24.400 	23.900 	7.48M 	1.46%
Mar 06, 2015 	24.000 	23.850 	24.000 	23.800 	15.82M 	0.63%
Mar 05, 2015 	23.850 	24.350 	24.400 	23.850 	4.84M 	-1.04%
Mar 04, 2015 	24.100 	23.750 	24.300 	23.650 	10.05M 	1.90%
Mar 03, 2015 	23.650 	23.450 	23.750 	23.450 	8.55M 	1.50%
Mar 02, 2015 	23.300 	24.000 	24.000 	23.150 	11.67M 	-2.10%
Feb 27, 2015 	23.800 	24.350 	24.500 	23.750 	5.19M 	-2.26%
Feb 26, 2015 	24.350 	24.650 	24.650 	24.200 	12.26M 	-1.22%
Feb 25, 2015 	24.650 	24.450 	25.000 	24.450 	2.32M 	-0.20%
Feb 24, 2015 	24.700 	24.900 	24.950 	24.500 	8.32M 	-0.60%
Feb 23, 2015 	24.850 	24.850 	24.950 	24.650 	3.92M 	-1.39%
Feb 20, 2015 	25.200 	25.150 	25.200 	24.950 	4.86M 	0.60%
Feb 18, 2015 	25.050 	24.450 	25.200 	24.450 	10.02M 	2.66%
Feb 17, 2015 	24.400 	24.000 	24.450 	23.900 	4.33M 	1.67%
Feb 16, 2015 	24.000 	24.000 	24.150 	23.900 	4.84M 	1.05%
Feb 13, 2015 	23.750 	23.700 	24.050 	23.650 	11.84M 	0.64%
Feb 12, 2015 	23.600 	23.950 	24.500 	23.600 	9.74M 	-1.05%
Feb 11, 2015 	23.850 	24.300 	24.400 	23.850 	10.55M 	-0.62%
Feb 10, 2015 	24.000 	24.500 	24.500 	23.950 	6.93M 	0.21%
Feb 09, 2015 	23.950 	24.750 	24.750 	23.800 	11.27M 	-3.04%
Feb 06, 2015 	24.700 	25.050 	25.400 	24.700 	6.53M 	-1.20%
Feb 05, 2015 	25.000 	25.150 	25.150 	24.900 	4.23M 	-0.60%
Feb 04, 2015 	25.150 	25.500 	25.600 	24.950 	6.61M 	-1.37%
Feb 03, 2015 	25.500 	25.550 	25.800 	25.000 	13.56M 	0.00%
Feb 02, 2015 	25.500 	25.050 	25.800 	25.050 	10.96M 	1.80%
Jan 30, 2015 	25.050 	24.450 	25.100 	24.400 	12.32M 	2.24%
Jan 29, 2015 	24.500 	25.050 	25.300 	24.500 	9.22M 	-2.78%
Jan 28, 2015 	25.200 	25.500 	25.550 	25.150 	4.68M 	-1.56%
Jan 27, 2015 	25.600 	25.300 	25.700 	25.250 	9.56M 	1.19%
Jan 26, 2015 	25.300 	24.400 	25.300 	24.200 	10.99M 	3.69%
Jan 23, 2015 	24.400 	23.950 	24.400 	23.850 	6.48M 	2.95%
Jan 22, 2015 	23.700 	23.400 	23.800 	23.300 	12.03M 	2.16%
Jan 21, 2015 	23.200 	23.500 	23.500 	22.850 	5.76M 	-1.07%
Jan 20, 2015 	23.450 	24.250 	24.250 	23.050 	9.78M 	-2.29%
Jan 19, 2015 	24.000 	24.250 	24.250 	23.850 	4.11M 	0.84%
Jan 14, 2015 	23.800 	24.000 	24.250 	23.800 	5.51M 	-0.63%
Jan 13, 2015 	23.950 	24.100 	24.300 	23.950 	3.89M 	-0.62%
Jan 12, 2015 	24.100 	23.900 	24.150 	23.650 	10.58M 	1.26%
Jan 09, 2015 	23.800 	24.250 	24.250 	23.600 	5.44M 	-1.24%
Jan 08, 2015 	24.100 	24.500 	24.550 	24.000 	10.61M 	-0.82%
Jan 07, 2015 	24.300 	23.800 	24.550 	23.750 	9.72M 	1.67%
Jan 06, 2015 	23.900 	23.000 	23.900 	22.750 	10.45M 	2.58%
Jan 05, 2015 	23.300 	22.550 	23.300 	22.550 	10.44M 	3.33%
Dec 29, 2014 	22.550 	22.550 	23.100 	22.550 	16.92M 	-0.88%
Dec 23, 2014 	22.750 	22.500 	22.900 	22.250 	10.03M 	2.48%
Dec 22, 2014 	22.200 	22.600 	22.850 	22.100 	12.37M 	0.23%
Dec 19, 2014 	22.150 	22.250 	22.600 	22.050 	9.16M 	0.91%
Dec 18, 2014 	21.950 	22.450 	22.600 	20.850 	21.01M 	-0.23%
Dec 17, 2014 	22.000 	23.100 	23.250 	22.000 	16.85M 	-5.17%
Dec 16, 2014 	23.200 	23.500 	23.800 	23.200 	7.20M 	-3.13%
Dec 15, 2014 	23.950 	23.550 	23.950 	23.300 	3.51M 	0.63%
Dec 12, 2014 	23.800 	23.250 	23.900 	23.250 	16.21M 	1.28%
Dec 11, 2014 	23.500 	24.200 	24.250 	23.500 	6.26M 	-2.89%
Dec 10, 2014 	24.200 	24.400 	24.500 	24.050 	7.66M 	-2.42%
Dec 09, 2014 	24.800 	24.900 	25.000 	24.650 	6.10M 	1.02%
Dec 05, 2014 	24.550 	24.900 	24.900 	24.550 	5.79M 	-1.60%
Dec 04, 2014 	24.950 	25.450 	25.450 	24.750 	17.94M 	-2.16%
Dec 03, 2014 	25.500 	25.200 	25.500 	25.150 	6.25M 	1.39%
Dec 02, 2014 	25.150 	25.000 	25.400 	24.900 	5.77M 	0.60%
Dec 01, 2014 	25.000 	24.800 	25.000 	24.800 	6.54M 	0.81%
Nov 28, 2014 	24.800 	25.100 	25.150 	24.800 	6.64M 	-1.20%
Nov 27, 2014 	25.100 	25.050 	25.250 	24.500 	12.12M 	0.20%
Nov 26, 2014 	25.050 	24.800 	25.200 	24.700 	13.11M 	0.60%
Nov 25, 2014 	24.900 	24.100 	25.000 	23.850 	13.52M 	3.75%
Nov 24, 2014 	24.000 	23.850 	24.150 	23.700 	7.56M 	0.63%
Nov 21, 2014 	23.850 	23.900 	23.950 	23.800 	4.61M 	-0.21%
Nov 20, 2014 	23.900 	23.950 	24.050 	23.500 	9.63M 	0.42%
Nov 19, 2014 	23.800 	23.650 	24.100 	23.550 	8.79M 	1.06%
Nov 18, 2014 	23.550 	24.250 	24.250 	23.550 	22.10M 	-2.69%
Nov 17, 2014 	24.200 	24.650 	24.650 	24.150 	13.66M 	-0.41%
Nov 14, 2014 	24.300 	24.650 	24.700 	24.050 	13.88M 	-0.82%
Nov 13, 2014 	24.500 	25.450 	25.650 	24.500 	10.59M 	-3.54%
Nov 12, 2014 	25.400 	25.500 	25.850 	25.250 	10.57M 	-0.39%
Nov 11, 2014 	25.500 	25.750 	25.800 	25.500 	4.24M 	0.00%
Nov 10, 2014 	25.500 	25.100 	25.850 	25.100 	7.99M 	0.99%
Nov 07, 2014 	25.250 	25.250 	25.450 	25.150 	6.29M 	0.20%
Nov 06, 2014 	25.200 	25.150 	25.450 	25.050 	9.02M 	0.40%
Nov 05, 2014 	25.100 	25.200 	25.400 	25.000 	3.80M 	0.00%
Nov 04, 2014 	25.100 	25.600 	25.950 	25.100 	8.92M 	-1.95%
Nov 03, 2014 	25.600 	25.200 	25.700 	25.150 	11.06M 	1.19%
Oct 31, 2014 	25.300 	24.650 	25.400 	24.650 	14.46M 	3.27%
Oct 30, 2014 	24.500 	24.850 	24.850 	24.500 	8.88M 	-0.61%
Oct 29, 2014 	24.650 	24.500 	24.850 	24.500 	4.55M 	0.61%
Oct 28, 2014 	24.500 	24.500 	24.600 	24.350 	5.00M 	0.00%
Oct 27, 2014 	24.500 	24.600 	24.650 	24.350 	2.76M 	0.00%
Oct 24, 2014 	24.500 	24.800 	24.900 	24.500 	12.78M 	-0.61%
Oct 23, 2014 	24.650 	24.750 	25.000 	24.600 	11.34M 	-1.40%
Oct 22, 2014 	25.000 	25.100 	25.150 	24.900 	14.05M 	0.81%
Oct 21, 2014 	24.800 	24.950 	24.950 	24.550 	11.68M 	-0.40%
Oct 20, 2014 	24.900 	25.000 	25.150 	24.800 	9.73M 	-0.60%
Oct 17, 2014 	25.050 	24.550 	25.150 	24.550 	6.38M 	1.83%
Oct 16, 2014 	24.600 	24.150 	24.800 	24.050 	6.88M 	-0.81%
Oct 15, 2014 	24.800 	24.850 	25.250 	24.700 	4.53M 	0.00%
Oct 14, 2014 	24.800 	24.700 	25.250 	24.200 	17.58M 	-0.40%
Oct 13, 2014 	24.900 	25.800 	26.150 	24.800 	21.53M 	-4.96%
Oct 10, 2014 	26.200 	26.300 	26.350 	26.050 	11.75M 	-1.50%
Oct 09, 2014 	26.600 	26.350 	26.850 	26.350 	8.18M 	1.53%
Oct 08, 2014 	26.200 	26.100 	26.500 	26.000 	11.24M 	-1.50%
Oct 07, 2014 	26.600 	26.750 	26.750 	26.050 	11.07M 	-0.93%
Oct 03, 2014 	26.850 	26.600 	27.000 	26.300 	9.51M 	0.56%
Oct 02, 2014 	26.700 	26.500 	26.700 	26.000 	6.59M 	0.38%
Oct 01, 2014 	26.600 	26.650 	26.650 	25.900 	5.16M 	2.31%
Sep 30, 2014 	26.000 	26.300 	27.000 	26.000 	14.44M 	-1.89%
Sep 29, 2014 	26.500 	25.950 	26.800 	25.900 	14.79M 	2.51%
Sep 26, 2014 	25.850 	25.800 	26.150 	25.600 	14.61M 	-1.15%
Sep 25, 2014 	26.150 	26.050 	26.600 	26.000 	34.57M 	1.36%
Sep 24, 2014 	25.800 	25.050 	26.100 	24.950 	34.11M 	3.41%
Sep 23, 2014 	24.950 	25.050 	25.200 	24.650 	14.84M 	-0.20%
Sep 22, 2014 	25.000 	25.150 	25.300 	24.750 	13.21M 	0.40%
Sep 18, 2014 	24.900 	24.500 	25.100 	24.500 	4.03M 	2.26%
Sep 17, 2014 	24.350 	24.650 	25.000 	24.350 	16.83M 	-0.41%
Sep 16, 2014 	24.450 	24.550 	24.650 	24.250 	8.10M 	-0.41%
Sep 15, 2014 	24.550 	25.150 	25.500 	24.550 	8.10M 	-1.80%
Sep 12, 2014 	25.000 	25.200 	25.300 	25.000 	9.75M 	-1.57%
Sep 11, 2014 	25.400 	25.600 	25.800 	25.300 	5.34M 	-0.20%
Sep 10, 2014 	25.450 	25.400 	25.700 	25.200 	20.31M 	-0.59%
Sep 09, 2014 	25.600 	25.550 	25.650 	25.350 	15.69M 	-0.78%
Sep 08, 2014 	25.800 	25.800 	26.250 	25.700 	21.88M 	0.00%
Sep 05, 2014 	25.800 	24.800 	25.800 	24.800 	21.36M 	4.67%
Sep 04, 2014 	24.650 	24.550 	24.700 	24.300 	21.37M 	0.82%
Sep 03, 2014 	24.450 	24.300 	24.700 	24.250 	51.98M 	1.03%
Sep 02, 2014 	24.200 	24.650 	24.650 	24.200 	24.97M 	-1.43%
Sep 01, 2014 	24.550 	24.750 	25.000 	24.300 	31.17M 	-0.20%
Aug 29, 2014 	24.600 	25.000 	25.400 	24.600 	16.11M 	-1.40%
Aug 28, 2014 	24.950 	24.900 	25.150 	24.700 	22.54M 	0.40%
Aug 27, 2014 	24.850 	25.050 	25.050 	24.500 	10.82M 	-0.60%
Aug 26, 2014 	25.000 	25.000 	25.200 	24.450 	34.44M 	0.00%
Aug 22, 2014 	25.000 	24.100 	25.000 	23.400 	51.01M 	3.09%
Aug 20, 2014 	24.250 	25.100 	25.250 	24.000 	35.38M 	-3.58%
Aug 19, 2014 	25.150 	25.000 	25.350 	24.950 	8.96M 	1.41%
Aug 18, 2014 	24.800 	26.000 	26.000 	24.600 	20.30M 	-4.62%
Aug 15, 2014 	26.000 	26.900 	27.000 	25.650 	19.93M 	-3.35%
Aug 14, 2014 	26.900 	27.300 	27.400 	26.700 	5.92M 	-0.37%
Aug 13, 2014 	27.000 	27.600 	27.600 	26.650 	3.43M 	-2.00%
Aug 12, 2014 	27.550 	27.850 	28.250 	27.550 	4.11M 	-0.90%
Aug 11, 2014 	27.800 	27.900 	27.900 	27.300 	5.72M 	-0.18%
Aug 08, 2014 	27.850 	27.800 	27.850 	27.400 	10.85M 	-1.24%
Aug 07, 2014 	28.200 	27.800 	28.300 	27.750 	10.90M 	2.17%
Aug 06, 2014 	27.600 	27.600 	27.750 	27.550 	13.34M 	-0.18%
Aug 05, 2014 	27.650 	27.650 	27.800 	27.400 	17.00M 	0.00%
Aug 04, 2014 	27.650 	26.700 	27.800 	26.650 	14.82M 	3.75%
Aug 01, 2014 	26.650 	25.950 	26.850 	25.750 	16.23M 	1.14%
Jul 31, 2014 	26.350 	26.050 	26.400 	26.000 	9.82M 	0.96%
Jul 30, 2014 	26.100 	25.850 	26.300 	25.850 	15.16M 	0.97%
Jul 28, 2014 	25.850 	26.900 	26.950 	25.850 	12.99M 	-3.72%
Jul 25, 2014 	26.850 	27.000 	27.000 	26.650 	16.56M 	0.56%
Jul 24, 2014 	26.700 	27.000 	27.300 	26.700 	17.99M 	-1.11%
Jul 23, 2014 	27.000 	26.750 	27.000 	26.250 	17.42M 	0.93%
Jul 22, 2014 	26.750 	27.500 	27.500 	26.700 	18.97M 	-2.90%
Jul 21, 2014 	27.550 	28.000 	28.000 	27.500 	11.77M 	-1.61%
Jul 18, 2014 	28.000 	28.000 	28.200 	27.850 	7.06M 	-0.88%
Jul 17, 2014 	28.250 	28.100 	28.650 	27.750 	14.46M 	0.53%
Jul 15, 2014 	28.100 	28.100 	28.300 	27.900 	9.19M 	0.90%
Jul 14, 2014 	27.850 	28.500 	28.500 	27.500 	14.58M 	-2.96%
Jul 11, 2014 	28.700 	29.750 	29.750 	28.600 	31.35M 	-3.69%
Jul 10, 2014 	29.800 	29.500 	30.050 	29.500 	12.57M 	0.34%
Jul 09, 2014 	29.700 	29.700 	29.700 	29.050 	8.10M 	-0.17%
Jul 08, 2014 	29.750 	29.650 	29.850 	29.500 	5.68M 	0.34%
Jul 07, 2014 	29.650 	29.350 	29.900 	29.350 	10.22M 	1.54%
Jul 04, 2014 	29.200 	29.150 	29.400 	29.150 	14.22M 	0.17%
Jul 03, 2014 	29.150 	29.350 	29.350 	29.000 	21.42M 	-0.68%
Jul 02, 2014 	29.350 	29.200 	29.350 	29.000 	12.24M 	0.51%
Jul 01, 2014 	29.200 	29.200 	29.300 	29.000 	2.82M 	0.34%
Jun 30, 2014 	29.100 	29.200 	29.350 	29.000 	5.77M 	-0.34%
Jun 27, 2014 	29.200 	29.100 	29.250 	28.700 	5.58M 	0.17%
Jun 26, 2014 	29.150 	29.000 	29.200 	28.800 	10.31M 	0.00%
Jun 25, 2014 	29.150 	28.850 	29.200 	28.850 	16.57M 	0.87%
Jun 24, 2014 	28.900 	28.650 	29.050 	28.650 	12.80M 	0.87%
Jun 23, 2014 	28.650 	28.750 	28.800 	28.350 	10.75M 	0.53%
Jun 20, 2014 	28.500 	28.350 	28.900 	28.300 	11.35M 	0.00%
Jun 19, 2014 	28.500 	28.500 	28.650 	28.250 	9.00M 	0.00%
Jun 18, 2014 	28.500 	28.400 	28.500 	27.900 	7.21M 	0.18%
Jun 17, 2014 	28.450 	28.450 	28.900 	28.350 	5.37M 	0.00%
Jun 16, 2014 	28.450 	28.800 	28.800 	28.150 	11.31M 	-2.07%
Jun 13, 2014 	29.050 	29.000 	29.150 	28.650 	11.48M 	-1.36%
Jun 11, 2014 	29.450 	29.650 	29.750 	29.200 	13.34M 	-1.34%
Jun 10, 2014 	29.850 	30.750 	30.750 	29.600 	8.36M 	-1.81%
Jun 09, 2014 	30.400 	30.000 	30.450 	29.800 	3.89M 	1.33%
Jun 06, 2014 	30.000 	30.450 	30.600 	29.950 	6.81M 	-0.33%
Jun 05, 2014 	30.100 	30.500 	30.500 	29.900 	7.27M 	-0.66%
Jun 04, 2014 	30.300 	30.650 	30.650 	30.100 	5.17M 	-0.82%
Jun 03, 2014 	30.550 	30.500 	30.750 	30.150 	8.54M 	0.00%
Jun 02, 2014 	30.550 	29.650 	30.650 	29.550 	8.05M 	3.04%
May 30, 2014 	29.650 	30.000 	30.100 	29.400 	8.65M 	-1.17%
May 29, 2014 	30.000 	30.700 	30.700 	29.800 	9.34M 	-2.28%
May 28, 2014 	30.700 	30.750 	30.900 	30.600 	4.98M 	0.33%
May 27, 2014 	30.600 	30.500 	30.600 	30.000 	3.10M 	0.33%
May 26, 2014 	30.500 	30.400 	30.650 	30.400 	4.06M 	0.33%
May 23, 2014 	30.400 	30.450 	30.450 	30.100 	9.46M 	0.00%
May 22, 2014 	30.400 	30.100 	30.400 	29.950 	2.78M 	1.67%
May 21, 2014 	29.900 	30.000 	30.050 	29.850 	29.27M 	-0.50%
May 20, 2014 	30.050 	30.000 	30.200 	29.950 	8.92M 	0.33%
May 19, 2014 	29.950 	29.000 	30.150 	29.000 	12.99M 	3.28%
May 16, 2014 	29.000 	29.250 	29.300 	28.800 	11.09M 	-1.02%
May 15, 2014 	29.300 	29.300 	29.650 	29.200 	8.36M 	0.00%
May 14, 2014 	29.300 	29.850 	29.900 	28.950 	22.92M 	-1.68%
May 13, 2014 	29.800 	30.350 	30.400 	29.750 	15.46M 	-1.97%
May 12, 2014 	30.400 	30.650 	30.650 	30.350 	10.51M 	0.00%
May 09, 2014 	30.400 	30.500 	30.650 	30.200 	7.17M 	0.66%
May 08, 2014 	30.200 	30.250 	30.800 	30.100 	5.23M 	0.67%
May 07, 2014 	30.000 	30.100 	30.200 	29.700 	13.54M 	-1.48%
May 06, 2014 	30.450 	30.450 	30.650 	30.200 	5.00M 	0.00%
May 05, 2014 	30.450 	30.600 	30.750 	30.100 	7.10M 	-1.77%
May 02, 2014 	31.000 	31.800 	31.850 	31.000 	11.91M 	-0.48%
Apr 30, 2014 	31.150 	30.800 	31.300 	30.750 	18.56M 	1.63%
Apr 29, 2014 	30.650 	30.750 	30.850 	30.450 	11.66M 	0.16%
Apr 28, 2014 	30.600 	30.750 	30.750 	30.450 	13.35M 	-0.16%
Apr 25, 2014 	30.650 	30.350 	30.750 	30.250 	4.66M 	0.00%
Apr 24, 2014 	30.650 	30.800 	30.900 	30.350 	8.41M 	0.00%
Apr 23, 2014 	30.650 	30.500 	30.800 	30.400 	13.37M 	1.83%
Apr 22, 2014 	30.100 	29.450 	30.350 	29.450 	14.01M 	2.21%
Apr 21, 2014 	29.450 	29.150 	29.600 	29.150 	8.97M 	0.86%
Apr 16, 2014 	29.200 	29.050 	29.350 	29.000 	6.65M 	0.52%
Apr 15, 2014 	29.050 	29.050 	29.300 	29.000 	10.58M 	0.52%
Apr 14, 2014 	28.900 	29.200 	29.200 	28.750 	6.75M 	-1.53%
Apr 11, 2014 	29.350 	29.500 	29.500 	29.250 	7.84M 	-1.51%
Apr 10, 2014 	29.800 	29.200 	29.800 	29.200 	10.06M 	3.11%
Apr 08, 2014 	28.900 	29.250 	29.250 	28.600 	6.53M 	-1.20%
Apr 07, 2014 	29.250 	29.150 	29.650 	29.100 	6.10M 	0.00%
Apr 04, 2014 	29.250 	29.100 	29.350 	29.000 	3.91M 	0.52%
Apr 03, 2014 	29.100 	29.500 	29.550 	29.100 	8.20M 	-1.36%
Apr 02, 2014 	29.500 	29.300 	29.650 	29.200 	10.91M 	1.03%
Apr 01, 2014 	29.200 	28.900 	29.350 	28.800 	10.98M 	2.46%
Mar 31, 2014 	28.500 	28.700 	28.900 	28.400 	9.30M 	-0.52%
Mar 28, 2014 	28.650 	28.800 	28.950 	28.600 	9.88M 	-0.52%
Mar 27, 2014 	28.800 	28.900 	29.150 	28.700 	9.43M 	-0.52%
Mar 26, 2014 	28.950 	28.900 	28.950 	28.500 	6.72M 	0.52%
Mar 25, 2014 	28.800 	28.800 	29.000 	28.550 	12.32M 	0.00%
Mar 24, 2014 	28.800 	28.350 	29.000 	28.200 	6.43M 	3.04%
Mar 21, 2014 	27.950 	28.200 	28.350 	27.900 	21.82M 	0.18%
Mar 20, 2014 	27.900 	28.800 	28.850 	27.600 	16.59M 	-3.63%
Mar 19, 2014 	28.950 	29.450 	29.450 	28.750 	11.48M 	-0.52%
Mar 18, 2014 	29.100 	29.500 	29.750 	29.000 	9.15M 	-0.68%
Mar 17, 2014 	29.300 	29.150 	29.500 	29.000 	4.05M 	0.34%
Mar 14, 2014 	29.200 	29.550 	29.750 	29.200 	8.23M 	-2.18%
Mar 13, 2014 	29.850 	30.200 	30.200 	29.700 	6.13M 	-0.17%
Mar 12, 2014 	29.900 	29.600 	30.100 	29.200 	15.45M 	0.84%
Mar 11, 2014 	29.650 	29.800 	30.500 	29.500 	10.92M 	-0.50%
Mar 10, 2014 	29.800 	29.800 	30.000 	29.800 	4.13M 	-0.67%
Mar 07, 2014 	30.000 	30.350 	30.400 	29.850 	8.72M 	-0.50%
Mar 06, 2014 	30.150 	29.050 	30.200 	29.050 	22.37M 	3.97%
Mar 05, 2014 	29.000 	29.300 	29.700 	29.000 	8.85M 	0.00%
Mar 04, 2014 	29.000 	29.350 	29.350 	28.950 	8.47M 	-1.02%
Mar 03, 2014 	29.300 	29.850 	29.850 	29.300 	6.27M 	-2.33%
Feb 28, 2014 	30.000 	29.500 	30.000 	29.400 	15.09M 	1.01%
Feb 27, 2014 	29.700 	30.000 	30.500 	29.450 	10.13M 	-0.34%
Feb 26, 2014 	29.800 	29.000 	29.800 	28.800 	12.98M 	3.83%
Feb 25, 2014 	28.700 	28.750 	29.050 	28.550 	10.78M 	0.00%
Feb 24, 2014 	28.700 	29.000 	29.300 	28.650 	9.40M 	-1.03%
Feb 21, 2014 	29.000 	29.200 	29.550 	28.700 	8.11M 	-1.69%
Feb 20, 2014 	29.500 	29.500 	30.050 	29.000 	19.93M 	2.43%
Feb 19, 2014 	28.800 	27.400 	29.200 	27.400 	18.25M 	5.49%
Feb 18, 2014 	27.300 	27.100 	27.500 	27.100 	4.57M 	0.00%
Feb 17, 2014 	27.300 	27.150 	27.450 	27.100 	7.00M 	1.30%
Feb 14, 2014 	26.950 	27.050 	27.050 	26.950 	4.75M 	-0.37%
Feb 13, 2014 	27.050 	27.300 	27.300 	27.000 	8.22M 	-0.92%
Feb 12, 2014 	27.300 	27.400 	27.650 	27.250 	6.44M 	0.00%
Feb 11, 2014 	27.300 	27.150 	27.600 	27.100 	6.08M 	0.55%
Feb 10, 2014 	27.150 	27.000 	27.500 	27.000 	6.59M 	0.37%
Feb 07, 2014 	27.050 	27.000 	27.150 	27.000 	14.19M 	0.19%
Feb 06, 2014 	27.000 	26.850 	27.100 	26.850 	15.22M 	1.31%
Feb 05, 2014 	26.650 	26.500 	26.850 	26.500 	8.24M 	0.19%
Feb 04, 2014 	26.600 	26.800 	26.950 	26.600 	15.07M 	-1.66%
Feb 03, 2014 	27.050 	27.100 	27.150 	27.000 	8.53M 	-0.18%
Jan 30, 2014 	27.100 	27.000 	27.100 	26.950 	13.27M 	-0.73%
Jan 29, 2014 	27.300 	26.950 	27.500 	26.950 	26.76M 	1.11%
Jan 28, 2014 	27.000 	26.500 	27.100 	26.500 	14.63M 	0.37%
Jan 27, 2014 	26.900 	27.000 	27.000 	26.600 	19.92M 	-0.92%
Jan 24, 2014 	27.150 	26.600 	27.150 	26.300 	9.46M 	0.56%
Jan 23, 2014 	27.000 	26.600 	27.150 	26.600 	18.39M 	2.86%
Jan 22, 2014 	26.250 	26.600 	26.900 	26.250 	6.92M 	-0.57%
Jan 21, 2014 	26.400 	26.000 	26.600 	25.950 	7.53M 	1.34%
Jan 20, 2014 	26.050 	26.400 	26.450 	25.850 	2.78M 	-1.33%
Jan 17, 2014 	26.400 	25.550 	26.500 	25.400 	13.47M 	3.33%
Jan 16, 2014 	25.550 	25.600 	25.650 	25.550 	10.01M 	0.00%
Jan 15, 2014 	25.550 	25.400 	25.900 	25.400 	13.61M 	0.20%
Jan 14, 2014 	25.500 	25.950 	25.950 	25.450 	4.29M 	0.00%
Jan 13, 2014 	25.500 	25.450 	26.000 	25.450 	3.79M 	0.39%
Jan 10, 2014 	25.400 	26.000 	26.000 	25.300 	6.20M 	-2.50%
Jan 09, 2014 	26.050 	26.000 	26.150 	26.000 	3.79M 	0.19%
Jan 08, 2014 	26.000 	26.050 	26.250 	26.000 	6.60M 	-0.57%
Jan 07, 2014 	26.150 	26.000 	26.350 	25.850 	5.51M 	-0.38%
Jan 06, 2014 	26.250 	26.200 	26.400 	25.700 	7.84M 	0.00%
Jan 03, 2014 	26.250 	26.350 	26.400 	26.000 	8.21M 	-0.38%
Jan 02, 2014 	26.350 	26.000 	26.400 	26.000 	7.76M 	2.13%
Dec 27, 2013 	25.800 	25.750 	25.900 	25.650 	7.02M 	-0.19%
Dec 26, 2013 	25.850 	25.400 	25.900 	25.300 	3.00M 	0.39%
Dec 23, 2013 	25.750 	26.000 	26.000 	25.400 	7.67M 	0.98%
Dec 20, 2013 	25.500 	25.950 	25.950 	25.250 	14.26M 	-0.97%
Dec 19, 2013 	25.750 	26.500 	26.650 	25.350 	20.07M 	-0.96%
Dec 18, 2013 	26.000 	24.750 	26.000 	24.500 	25.84M 	6.12%
Dec 17, 2013 	24.500 	24.000 	24.700 	23.850 	12.64M 	4.26%
Dec 16, 2013 	23.500 	22.500 	23.700 	22.500 	11.41M 	2.84%
Dec 13, 2013 	22.850 	22.000 	23.000 	21.950 	31.24M 	2.70%
Dec 12, 2013 	22.250 	23.500 	23.500 	21.950 	9.99M 	-5.32%
Dec 11, 2013 	23.500 	24.000 	24.350 	23.450 	13.46M 	-2.69%
Dec 10, 2013 	24.150 	24.800 	24.850 	23.950 	10.24M 	-1.83%
Dec 09, 2013 	24.600 	24.350 	24.900 	24.350 	7.55M 	1.86%
Dec 06, 2013 	24.150 	24.100 	24.350 	23.950 	13.01M 	-0.62%
Dec 05, 2013 	24.300 	25.250 	25.500 	24.300 	8.25M 	-3.76%
Dec 04, 2013 	25.250 	25.500 	25.600 	25.250 	7.91M 	-0.98%
Dec 03, 2013 	25.500 	25.600 	25.650 	25.350 	6.29M 	0.39%
Dec 02, 2013 	25.400 	25.650 	25.950 	25.400 	3.57M 	0.00%
Nov 29, 2013 	25.400 	25.750 	25.750 	25.150 	13.91M 	-1.36%
Nov 28, 2013 	25.750 	26.000 	26.000 	25.700 	4.35M 	0.00%
Nov 27, 2013 	25.750 	25.700 	26.000 	25.700 	10.58M 	0.19%
Nov 26, 2013 	25.700 	25.000 	26.000 	25.000 	10.89M 	3.21%
Nov 25, 2013 	24.900 	25.450 	25.600 	24.900 	12.10M 	-1.19%
Nov 22, 2013 	25.200 	25.400 	25.650 	25.200 	11.10M 	-0.40%
Nov 21, 2013 	25.300 	25.500 	25.750 	24.600 	10.90M 	-0.78%
Nov 20, 2013 	25.500 	25.850 	25.850 	24.800 	23.50M 	-0.97%
Nov 19, 2013 	25.750 	26.700 	26.800 	25.750 	22.41M 	-4.28%
Nov 18, 2013 	26.900 	27.000 	27.400 	26.800 	10.58M 	0.00%
Nov 15, 2013 	26.900 	26.700 	27.450 	26.650 	11.30M 	0.75%
Nov 14, 2013 	26.700 	26.000 	26.700 	25.600 	20.41M 	2.69%
Nov 13, 2013 	26.000 	25.700 	26.100 	25.500 	4.77M 	0.19%
Nov 12, 2013 	25.950 	25.900 	26.050 	25.850 	15.34M 	1.37%
Nov 11, 2013 	25.600 	26.700 	26.700 	25.450 	12.36M 	-4.12%
Nov 08, 2013 	26.700 	26.800 	26.800 	26.300 	10.41M 	-0.74%
Nov 07, 2013 	26.900 	26.300 	26.900 	26.200 	12.27M 	2.28%
Nov 06, 2013 	26.300 	26.550 	26.600 	26.000 	14.31M 	-2.41%
Nov 05, 2013 	26.950 	26.850 	26.950 	26.600 	6.05M 	0.00%
Nov 04, 2013 	26.950 	26.350 	26.950 	25.850 	6.09M 	2.28%
Oct 31, 2013 	26.350 	26.750 	26.750 	26.250 	6.62M 	-1.50%
Oct 30, 2013 	26.750 	26.950 	27.000 	26.700 	1.71M 	0.00%
Oct 29, 2013 	26.750 	27.000 	27.050 	26.400 	11.26M 	-1.11%
Oct 25, 2013 	27.050 	27.000 	27.150 	26.800 	7.30M 	0.19%
Oct 24, 2013 	27.000 	27.000 	27.150 	26.950 	13.13M 	0.19%
Oct 23, 2013 	26.950 	26.900 	27.150 	26.800 	8.46M 	0.37%
Oct 22, 2013 	26.850 	26.700 	27.000 	26.700 	11.47M 	0.75%
Oct 21, 2013 	26.650 	26.500 	26.750 	26.300 	11.48M 	0.76%
Oct 18, 2013 	26.450 	26.250 	26.600 	26.250 	14.53M 	1.73%
Oct 17, 2013 	26.000 	25.550 	26.350 	25.250 	17.04M 	2.97%
Oct 16, 2013 	25.250 	25.250 	25.500 	25.250 	10.99M 	0.20%
Oct 14, 2013 	25.200 	25.000 	25.200 	25.000 	1.96M 	-0.20%
Oct 11, 2013 	25.250 	25.600 	25.750 	25.100 	10.57M 	0.60%
Oct 10, 2013 	25.100 	25.100 	25.400 	25.100 	17.20M 	0.60%
Oct 09, 2013 	24.950 	25.400 	25.450 	24.950 	15.29M 	-2.73%
Oct 08, 2013 	25.650 	25.000 	25.800 	25.000 	12.66M 	2.40%
Oct 07, 2013 	25.050 	25.000 	25.250 	24.600 	14.00M 	0.20%
Oct 04, 2013 	25.000 	24.450 	25.100 	24.000 	11.94M 	1.21%
Oct 03, 2013 	24.700 	24.150 	24.900 	23.550 	15.04M 	2.92%
Oct 02, 2013 	24.000 	23.700 	24.100 	23.400 	19.86M 	3.00%
Oct 01, 2013 	23.300 	24.000 	24.300 	22.950 	30.68M 	-0.85%
Sep 30, 2013 	23.500 	24.550 	24.550 	23.500 	31.43M 	-6.00%
Sep 27, 2013 	25.000 	25.500 	25.750 	24.500 	24.76M 	-2.15%
Sep 26, 2013 	25.550 	25.850 	25.850 	25.350 	18.78M 	-0.97%
Sep 25, 2013 	25.800 	25.850 	26.000 	25.650 	18.69M 	-0.58%
Sep 24, 2013 	25.950 	26.200 	26.300 	25.900 	19.90M 	-1.14%
Sep 23, 2013 	26.250 	25.700 	26.250 	25.650 	12.36M 	1.74%
Sep 20, 2013 	25.800 	25.650 	26.050 	25.400 	23.86M 	-0.77%
Sep 19, 2013 	26.000 	26.700 	26.800 	25.500 	47.74M 	0.00%
Sep 18, 2013 	26.000 	26.500 	26.700 	25.600 	29.82M 	-2.99%
Sep 17, 2013 	26.800 	27.250 	27.500 	26.200 	19.91M 	-1.47%
Sep 16, 2013 	27.200 	26.950 	27.300 	26.950 	6.71M 	0.93%
Sep 13, 2013 	26.950 	26.550 	26.950 	26.450 	5.02M 	0.75%
Sep 12, 2013 	26.750 	26.800 	26.950 	26.600 	9.97M 	0.00%
Sep 11, 2013 	26.750 	27.200 	27.400 	26.700 	11.99M 	-0.56%
Sep 10, 2013 	26.900 	26.900 	27.400 	26.750 	19.51M 	1.32%
Sep 09, 2013 	26.550 	26.600 	27.100 	26.250 	5.62M 	1.14%
Sep 06, 2013 	26.250 	26.000 	26.600 	26.000 	9.64M 	0.57%
Sep 05, 2013 	26.100 	25.550 	26.150 	25.450 	7.65M 	1.56%
Sep 04, 2013 	25.700 	26.350 	26.350 	25.000 	8.85M 	-2.28%
Sep 03, 2013 	26.300 	26.200 	26.600 	26.050 	10.02M 	-1.50%
Sep 02, 2013 	26.700 	26.000 	26.700 	25.200 	10.29M 	2.69%
Aug 30, 2013 	26.000 	25.000 	26.000 	24.800 	16.25M 	5.48%
Aug 29, 2013 	24.650 	23.650 	25.200 	23.450 	21.49M 	6.02%
Aug 28, 2013 	23.250 	23.450 	23.450 	22.300 	45.38M 	-5.68%
Aug 27, 2013 	24.650 	25.100 	25.150 	24.200 	18.12M 	-2.95%
Aug 23, 2013 	25.400 	25.400 	25.750 	25.200 	14.88M 	1.20%
Aug 22, 2013 	25.100 	25.750 	25.950 	25.050 	31.53M 	-9.39%
Aug 16, 2013 	27.700 	28.000 	28.000 	27.500 	13.37M 	-1.77%
Aug 15, 2013 	28.200 	27.950 	28.300 	27.400 	12.75M 	0.36%
Aug 14, 2013 	28.100 	27.050 	28.200 	26.950 	15.40M 	4.66%
Aug 13, 2013 	26.850 	26.500 	26.850 	26.050 	12.99M 	2.48%
Aug 12, 2013 	26.200 	26.100 	26.400 	25.750 	6.44M 	0.38%
Aug 08, 2013 	26.100 	26.200 	26.250 	25.600 	5.24M 	0.38%
Aug 07, 2013 	26.000 	25.900 	26.400 	25.600 	12.02M 	0.00%
Aug 06, 2013 	26.000 	26.200 	26.450 	25.850 	16.96M 	-1.89%
Aug 05, 2013 	26.500 	26.650 	26.700 	26.400 	26.71M 	0.19%
Aug 02, 2013 	26.450 	27.400 	27.700 	26.200 	17.80M 	-3.11%
Aug 01, 2013 	27.300 	27.000 	27.350 	26.500 	9.69M 	4.00%
Jul 31, 2013 	26.250 	27.150 	27.200 	26.200 	27.44M 	-3.14%
Jul 30, 2013 	27.100 	27.000 	27.450 	27.000 	4.12M 	0.37%
Jul 29, 2013 	27.000 	27.000 	27.250 	26.800 	10.26M 	0.00%
Jul 26, 2013 	27.000 	27.100 	27.150 	26.750 	10.40M 	-0.37%
Jul 25, 2013 	27.100 	27.150 	27.150 	26.600 	8.33M 	0.37%
Jul 24, 2013 	27.000 	26.150 	27.150 	26.150 	26.25M 	3.85%
Jul 23, 2013 	26.000 	25.350 	26.200 	25.350 	9.58M 	2.77%
Jul 22, 2013 	25.300 	25.500 	25.550 	25.100 	2.84M 	-0.78%
Jul 19, 2013 	25.500 	25.000 	25.700 	24.850 	14.27M 	2.82%
Jul 18, 2013 	24.800 	24.600 	25.000 	24.600 	15.24M 	0.81%
Jul 17, 2013 	24.600 	24.900 	24.950 	24.550 	8.30M 	-1.40%
Jul 16, 2013 	24.950 	25.950 	25.950 	24.800 	12.74M 	-2.92%
Jul 15, 2013 	25.700 	25.400 	25.950 	25.050 	12.08M 	2.80%
Jul 12, 2013 	25.000 	25.000 	25.300 	24.850 	11.23M 	2.04%
Jul 11, 2013 	24.500 	24.000 	24.500 	23.900 	12.01M 	2.08%
Jul 10, 2013 	24.000 	24.400 	24.500 	23.750 	8.56M 	-1.23%
Jul 09, 2013 	24.300 	24.500 	24.550 	24.000 	6.94M 	0.21%
Jul 08, 2013 	24.250 	24.900 	25.100 	24.000 	10.34M 	-2.41%
Jul 05, 2013 	24.850 	24.600 	25.150 	24.600 	8.76M 	1.02%
Jul 04, 2013 	24.600 	24.150 	24.900 	24.150 	10.71M 	1.86%
Jul 03, 2013 	24.150 	24.100 	24.550 	23.400 	20.69M 	0.62%
Jul 02, 2013 	24.000 	24.000 	24.400 	23.900 	10.66M 	-1.03%
Jul 01, 2013 	24.250 	23.400 	24.500 	23.400 	10.21M 	3.63%
Jun 28, 2013 	23.400 	24.350 	24.500 	23.000 	17.89M 	-2.50%
Jun 27, 2013 	24.000 	23.000 	24.000 	22.950 	17.73M 	8.11%
Jun 26, 2013 	22.200 	22.200 	22.750 	22.100 	15.27M 	3.74%
Jun 25, 2013 	21.400 	21.600 	22.500 	20.250 	30.92M 	-2.73%
Jun 24, 2013 	22.000 	23.300 	23.300 	21.500 	20.92M 	-5.58%
Jun 21, 2013 	23.300 	22.500 	23.700 	22.300 	20.40M 	-1.89%
Jun 20, 2013 	23.750 	23.700 	23.950 	23.000 	10.09M 	-2.26%
Jun 19, 2013 	24.300 	23.800 	24.500 	23.500 	12.02M 	3.40%
Jun 18, 2013 	23.500 	23.000 	23.800 	22.800 	19.71M 	3.98%
Jun 17, 2013 	22.600 	22.550 	22.650 	22.000 	18.11M 	0.00%
Jun 14, 2013 	22.600 	22.500 	22.900 	22.350 	19.02M 	4.63%
Jun 13, 2013 	21.600 	23.000 	23.200 	21.500 	35.82M 	-8.86%
Jun 11, 2013 	23.700 	25.100 	25.100 	23.450 	15.67M 	-5.58%
Jun 10, 2013 	25.100 	24.700 	25.250 	24.500 	22.29M 	4.15%
Jun 07, 2013 	24.100 	24.000 	24.500 	23.850 	16.88M 	0.84%
Jun 06, 2013 	23.900 	22.950 	24.300 	22.700 	19.43M 	5.05%
Jun 05, 2013 	22.750 	22.700 	23.600 	22.650 	20.68M 	0.22%
Jun 04, 2013 	22.700 	23.500 	24.000 	22.700 	19.25M 	-2.58%
Jun 03, 2013 	23.300 	23.950 	23.950 	23.000 	27.74M 	-2.92%
May 31, 2013 	24.000 	24.000 	24.900 	22.900 	29.53M 	0.00%
May 30, 2013 	24.000 	25.000 	25.450 	23.600 	21.99M 	-4.00%
May 29, 2013 	25.000 	25.300 	25.500 	24.700 	23.28M 	-0.40%
May 28, 2013 	25.100 	25.400 	25.450 	24.500 	44.99M 	-1.57%
May 27, 2013 	25.500 	26.550 	26.550 	25.450 	30.90M 	-3.95%
May 24, 2013 	26.550 	26.500 	26.900 	26.200 	13.81M 	0.19%
May 23, 2013 	26.500 	27.200 	27.250 	26.000 	13.76M 	-2.57%
May 22, 2013 	27.200 	26.200 	27.350 	26.200 	15.42M 	3.82%
May 21, 2013 	26.200 	25.650 	26.300 	25.650 	8.23M 	2.14%
May 20, 2013 	25.650 	26.050 	26.100 	25.650 	19.98M 	-1.35%
May 17, 2013 	26.000 	26.400 	26.450 	25.500 	19.69M 	-2.26%
May 16, 2013 	26.600 	27.600 	28.400 	26.550 	22.53M 	-3.45%
May 15, 2013 	27.550 	26.600 	27.650 	26.600 	11.21M 	4.16%
May 14, 2013 	26.450 	26.500 	26.550 	26.100 	12.75M 	0.00%
May 10, 2013 	26.450 	25.200 	26.550 	25.200 	24.94M 	5.59%
May 09, 2013 	25.050 	25.050 	25.150 	25.050 	7.12M 	0.00%
May 08, 2013 	25.050 	25.250 	25.300 	24.950 	10.81M 	-0.20%
May 07, 2013 	25.100 	25.000 	25.200 	24.900 	15.44M 	0.40%
May 06, 2013 	25.000 	25.300 	25.800 	24.950 	21.85M 	-0.20%
May 03, 2013 	25.050 	24.500 	25.200 	24.500 	50.89M 	3.94%
May 02, 2013 	24.100 	23.650 	24.550 	23.200 	31.57M 	1.69%
Apr 30, 2013 	23.700 	24.500 	24.500 	23.650 	26.88M 	-1.66%
Apr 29, 2013 	24.100 	25.000 	25.050 	23.900 	15.02M 	-3.60%
Apr 26, 2013 	25.000 	24.600 	25.300 	24.200 	24.80M 	1.63%
Apr 25, 2013 	24.600 	23.850 	24.600 	23.750 	12.76M 	2.71%
Apr 24, 2013 	23.950 	24.950 	24.950 	23.900 	29.82M 	-3.43%
Apr 23, 2013 	24.800 	24.500 	25.300 	24.500 	28.63M 	-4.62%
Apr 22, 2013 	26.000 	24.800 	26.000 	23.950 	19.29M 	4.21%
Apr 19, 2013 	24.950 	24.000 	25.050 	23.450 	13.03M 	3.96%
Apr 18, 2013 	24.000 	22.650 	24.000 	22.650 	22.30M 	5.96%
Apr 17, 2013 	22.650 	22.400 	22.750 	22.200 	16.61M 	2.26%
Apr 16, 2013 	22.150 	21.650 	22.300 	21.250 	14.06M 	-0.67%
Apr 15, 2013 	22.300 	22.300 	22.600 	22.100 	17.40M 	0.45%
Apr 12, 2013 	22.200 	22.100 	22.200 	22.000 	10.24M 	0.91%
Apr 11, 2013 	22.000 	21.400 	22.450 	21.400 	17.13M 	3.29%
Apr 10, 2013 	21.300 	21.300 	21.650 	21.150 	22.67M 	0.95%
Apr 08, 2013 	21.100 	20.500 	21.400 	20.500 	6.92M 	0.72%
Apr 05, 2013 	20.950 	21.000 	21.050 	20.650 	13.27M 	-0.24%
Apr 04, 2013 	21.000 	21.000 	21.100 	20.750 	15.81M 	-0.24%
Apr 03, 2013 	21.050 	20.700 	21.300 	20.700 	23.95M 	0.96%
Apr 02, 2013 	20.850 	20.850 	21.150 	20.400 	29.95M 	-0.24%
Apr 01, 2013 	20.900 	21.300 	21.600 	20.700 	26.66M 	-1.18%
Mar 27, 2013 	21.150 	21.100 	21.650 	20.850 	28.78M 	0.24%
Mar 26, 2013 	21.100 	20.450 	21.100 	20.450 	40.48M 	3.43%
Mar 25, 2013 	20.400 	19.900 	20.550 	19.880 	34.51M 	3.34%
Mar 22, 2013 	19.740 	19.440 	20.000 	19.440 	22.07M 	1.65%
Mar 21, 2013 	19.420 	19.900 	19.900 	19.400 	48.37M 	-2.31%
Mar 20, 2013 	19.880 	20.500 	20.500 	19.500 	58.84M 	-3.73%
Mar 19, 2013 	20.650 	21.750 	21.800 	20.300 	26.55M 	-5.06%
Mar 18, 2013 	21.750 	22.200 	22.200 	21.400 	14.37M 	-2.03%
Mar 15, 2013 	22.200 	22.000 	23.000 	21.800 	37.53M 	2.54%
Mar 14, 2013 	21.650 	22.000 	22.000 	20.700 	11.61M 	-1.59%
Mar 13, 2013 	22.000 	22.350 	22.500 	21.650 	16.16M 	-1.79%
Mar 12, 2013 	22.400 	22.250 	22.950 	22.150 	27.95M 	0.90%
Mar 11, 2013 	22.200 	21.750 	22.900 	21.750 	25.74M 	2.30%
Mar 08, 2013 	21.700 	21.400 	22.000 	21.400 	11.25M 	2.36%
Mar 07, 2013 	21.200 	22.200 	22.750 	21.200 	30.46M 	-4.29%
Mar 06, 2013 	22.150 	21.100 	22.150 	21.100 	36.89M 	5.98%
Mar 05, 2013 	20.900 	20.250 	21.150 	20.250 	21.44M 	3.21%
Mar 04, 2013 	20.250 	20.400 	20.750 	20.050 	13.53M 	0.00%
Mar 01, 2013 	20.250 	20.450 	20.500 	20.100 	17.17M 	1.25%
Feb 28, 2013 	20.000 	20.000 	20.300 	20.000 	115.86M 	-1.48%
Feb 27, 2013 	20.300 	20.900 	21.000 	20.300 	15.95M 	-2.40%
Feb 26, 2013 	20.800 	20.750 	21.250 	20.650 	13.14M 	-0.48%
Feb 25, 2013 	20.900 	21.050 	21.500 	20.900 	9.57M 	0.00%
Feb 22, 2013 	20.900 	21.000 	21.300 	20.700 	18.65M 	0.00%
Feb 21, 2013 	20.900 	20.900 	21.950 	20.600 	11.52M 	-2.34%
Feb 20, 2013 	21.400 	20.750 	21.400 	20.750 	14.15M 	3.88%
Feb 19, 2013 	20.600 	20.400 	20.750 	20.250 	50.41M 	1.48%
Feb 18, 2013 	20.300 	20.150 	20.700 	20.150 	16.49M 	1.00%
Feb 15, 2013 	20.100 	20.200 	20.200 	19.980 	26.30M 	-0.50%
Feb 14, 2013 	20.200 	20.650 	20.650 	19.960 	30.46M 	-2.88%
Feb 13, 2013 	20.800 	20.750 	21.000 	20.600 	11.18M 	-0.72%
Feb 12, 2013 	20.950 	20.100 	21.000 	20.100 	21.80M 	4.75%
Feb 11, 2013 	20.000 	20.050 	20.150 	19.980 	21.24M 	-0.25%
Feb 08, 2013 	20.050 	20.100 	20.200 	19.940 	30.24M 	-0.74%
Feb 07, 2013 	20.200 	20.050 	20.300 	20.050 	14.96M 	-1.22%
Feb 06, 2013 	20.450 	20.500 	20.500 	20.100 	19.12M 	-0.24%
Feb 05, 2013 	20.500 	19.760 	20.650 	19.680 	16.67M 	3.54%
Feb 04, 2013 	19.800 	19.200 	19.840 	19.200 	18.41M 	3.45%
Feb 01, 2013 	19.140 	18.920 	19.400 	18.860 	13.84M 	1.16%
Jan 31, 2013 	18.920 	19.180 	19.260 	18.500 	18.07M 	-0.53%
Jan 30, 2013 	19.020 	18.920 	19.100 	18.880 	8.78M 	0.63%
Jan 29, 2013 	18.900 	18.500 	18.960 	18.500 	28.58M 	3.28%
Jan 28, 2013 	18.300 	17.540 	18.300 	17.500 	14.90M 	4.69%
Jan 25, 2013 	17.480 	17.500 	17.580 	17.460 	17.75M 	0.11%
Jan 24, 2013 	17.460 	17.500 	17.660 	17.280 	7.88M 	1.51%
Jan 23, 2013 	17.200 	17.300 	17.300 	17.160 	10.56M 	-0.46%
Jan 22, 2013 	17.280 	17.660 	17.700 	17.260 	12.84M 	-2.48%
Jan 21, 2013 	17.720 	17.700 	17.780 	17.660 	5.14M 	0.11%
Jan 18, 2013 	17.700 	17.860 	17.860 	17.700 	16.29M 	-0.90%
Jan 17, 2013 	17.860 	17.340 	17.880 	17.300 	16.73M 	3.00%
Jan 16, 2013 	17.340 	17.200 	17.340 	17.040 	16.41M 	1.17%
Jan 15, 2013 	17.140 	17.460 	17.520 	17.000 	19.01M 	-1.49%
Jan 14, 2013 	17.400 	17.300 	17.400 	17.220 	8.99M 	0.81%
Jan 11, 2013 	17.260 	17.280 	17.500 	17.180 	10.02M 	0.35%
Jan 10, 2013 	17.200 	17.420 	17.440 	17.060 	10.12M 	-1.26%
Jan 09, 2013 	17.420 	17.720 	17.720 	17.260 	16.19M 	-0.68%
Jan 08, 2013 	17.540 	17.300 	17.700 	17.300 	18.27M 	1.62%
Jan 07, 2013 	17.260 	16.960 	17.500 	16.960 	13.25M 	2.49%
Jan 04, 2013 	16.840 	16.800 	16.880 	16.780 	11.09M 	0.24%
Jan 03, 2013 	16.800 	16.980 	17.000 	16.560 	14.52M 	-0.24%
Jan 02, 2013 	16.840 	16.740 	16.900 	16.700 	8.22M 	0.48%
Dec 28, 2012 	16.760 	16.500 	16.800 	16.500 	9.77M 	1.58%
Dec 27, 2012 	16.500 	16.520 	16.520 	16.460 	6.83M 	0.00%
Dec 26, 2012 	16.500 	16.500 	16.700 	16.480 	4.60M 	0.00%
Dec 21, 2012 	16.500 	16.460 	16.500 	16.340 	10.43M 	0.00%
Dec 20, 2012 	16.500 	16.260 	16.500 	16.260 	9.75M 	1.48%
Dec 19, 2012 	16.260 	16.300 	16.400 	16.180 	9.64M 	-0.25%
Dec 18, 2012 	16.300 	16.200 	16.500 	16.200 	5.71M 	0.62%
Dec 17, 2012 	16.200 	16.400 	16.400 	16.060 	17.49M 	-1.22%
Dec 14, 2012 	16.400 	16.700 	16.700 	16.320 	11.76M 	-1.80%
Dec 13, 2012 	16.700 	16.700 	16.740 	16.420 	10.03M 	0.00%
Dec 12, 2012 	16.700 	16.320 	16.880 	16.320 	11.38M 	2.33%
Dec 11, 2012 	16.320 	16.000 	16.400 	15.920 	9.65M 	0.74%
Dec 10, 2012 	16.200 	16.240 	16.240 	15.900 	11.77M 	-0.37%
Dec 07, 2012 	16.260 	16.220 	16.320 	16.220 	13.76M 	0.00%
Dec 06, 2012 	16.260 	16.040 	16.500 	16.040 	16.83M 	-0.25%
Dec 05, 2012 	16.300 	15.960 	16.400 	15.960 	11.77M 	0.00%
Dec 04, 2012 	16.300 	15.900 	16.300 	15.880 	14.03M 	2.52%
Dec 03, 2012 	15.900 	16.300 	16.300 	15.780 	26.40M 	-2.45%
Nov 29, 2012 	16.300 	16.400 	16.500 	16.260 	10.64M 	-0.49%
Nov 28, 2012 	16.380 	16.080 	16.600 	16.080 	16.34M 	1.87%
Nov 27, 2012 	16.080 	16.260 	16.380 	16.060 	10.16M 	-1.11%
Nov 26, 2012 	16.260 	16.000 	16.400 	16.000 	14.00M 	1.63%
Nov 23, 2012 	16.000 	15.740 	16.500 	15.740 	17.11M 	1.91%
Nov 22, 2012 	15.700 	15.580 	16.000 	15.580 	9.48M 	1.29%
Nov 21, 2012 	15.500 	15.300 	15.560 	15.300 	11.09M 	1.44%
Nov 20, 2012 	15.280 	15.040 	15.520 	15.020 	21.32M 	2.00%
Nov 19, 2012 	14.980 	15.080 	15.180 	14.980 	5.88M 	-0.66%
Nov 16, 2012 	15.080 	15.000 	15.080 	14.960 	9.86M 	0.53%
Nov 15, 2012 	15.000 	15.100 	15.220 	14.940 	26.53M 	-0.79%
Nov 14, 2012 	15.120 	15.100 	15.580 	15.080 	22.93M 	0.80%
Nov 13, 2012 	15.000 	14.980 	15.320 	14.980 	9.98M 	0.13%
Nov 12, 2012 	14.980 	15.020 	15.020 	14.900 	10.32M 	-0.66%
Nov 09, 2012 	15.080 	15.020 	15.080 	14.920 	13.89M 	0.27%
Nov 08, 2012 	15.040 	15.160 	15.160 	15.000 	9.95M 	-1.44%
Nov 07, 2012 	15.260 	15.240 	15.320 	15.060 	11.99M 	0.00%
Nov 06, 2012 	15.260 	15.000 	15.420 	14.980 	22.27M 	1.73%
Nov 05, 2012 	15.000 	14.900 	15.100 	14.900 	16.84M 	0.81%
Oct 31, 2012 	14.880 	14.800 	14.940 	14.760 	10.49M 	0.54%
Oct 30, 2012 	14.800 	14.500 	15.000 	14.460 	12.78M 	2.21%
Oct 29, 2012 	14.480 	14.200 	14.540 	14.200 	13.14M 	1.97%
Oct 25, 2012 	14.200 	14.380 	14.380 	14.100 	11.57M 	-1.39%
Oct 24, 2012 	14.400 	14.880 	14.880 	14.220 	14.87M 	-3.61%
Oct 23, 2012 	14.940 	15.080 	15.100 	14.920 	6.40M 	-1.06%
Oct 22, 2012 	15.100 	15.060 	15.140 	15.000 	7.61M 	-0.26%
Oct 19, 2012 	15.140 	15.020 	15.420 	15.000 	14.20M 	0.66%
Oct 18, 2012 	15.040 	14.940 	15.060 	14.860 	10.85M 	0.67%
Oct 17, 2012 	14.940 	15.000 	15.020 	14.820 	27.10M 	-0.27%
Oct 16, 2012 	14.980 	15.020 	15.100 	14.960 	14.14M 	-0.27%
Oct 15, 2012 	15.020 	15.000 	15.240 	15.000 	8.92M 	0.13%
Oct 12, 2012 	15.000 	14.920 	15.160 	14.920 	11.90M 	0.67%
Oct 11, 2012 	14.900 	14.640 	14.940 	14.640 	10.14M 	0.13%
Oct 10, 2012 	14.880 	14.400 	14.900 	14.320 	27.22M 	2.06%
Oct 09, 2012 	14.580 	14.280 	14.700 	14.220 	14.54M 	2.10%
Oct 08, 2012 	14.280 	14.500 	14.500 	14.020 	15.91M 	-1.52%
Oct 05, 2012 	14.500 	14.960 	15.000 	14.500 	20.67M 	-1.89%
Oct 04, 2012 	14.780 	14.960 	14.960 	14.700 	21.66M 	-1.07%
Oct 03, 2012 	14.940 	14.900 	14.960 	14.680 	31.97M 	-0.13%
Oct 02, 2012 	14.960 	14.600 	15.020 	14.600 	23.76M 	2.47%
Oct 01, 2012 	14.600 	14.680 	14.740 	14.400 	21.58M 	-0.68%
Sep 28, 2012 	14.700 	14.220 	14.800 	14.080 	30.08M 	3.23%
Sep 27, 2012 	14.240 	13.500 	14.260 	13.500 	20.67M 	4.71%
Sep 26, 2012 	13.600 	14.000 	14.040 	13.500 	19.68M 	-1.45%
Sep 25, 2012 	13.800 	13.660 	13.880 	13.620 	12.22M 	1.02%
Sep 24, 2012 	13.660 	13.380 	13.700 	13.260 	21.87M 	1.94%
Sep 21, 2012 	13.400 	13.160 	13.400 	13.100 	25.25M 	1.82%
Sep 20, 2012 	13.160 	12.980 	13.200 	12.980 	20.61M 	1.39%
Sep 19, 2012 	12.980 	12.980 	13.060 	12.920 	12.48M 	-0.15%
Sep 18, 2012 	13.000 	12.980 	13.100 	12.900 	20.75M 	0.00%
Sep 17, 2012 	13.000 	12.940 	13.080 	12.940 	19.61M 	0.46%
Sep 14, 2012 	12.940 	12.780 	12.980 	12.780 	14.91M 	1.25%
Sep 13, 2012 	12.780 	12.400 	12.820 	12.400 	19.87M 	3.06%
Sep 12, 2012 	12.400 	12.420 	12.480 	12.360 	12.86M 	-0.32%
Sep 11, 2012 	12.440 	12.640 	12.640 	12.400 	12.61M 	-1.58%
Sep 10, 2012 	12.640 	12.500 	12.760 	12.480 	32.77M 	1.12%
Sep 07, 2012 	12.500 	12.320 	12.560 	12.320 	35.46M 	2.29%
Sep 06, 2012 	12.220 	12.020 	12.260 	12.020 	22.94M 	1.33%
Sep 05, 2012 	12.060 	12.000 	12.140 	11.840 	19.86M 	0.33%
Sep 04, 2012 	12.020 	12.000 	12.040 	11.960 	18.77M 	0.17%
Sep 03, 2012 	12.000 	11.720 	12.140 	11.720 	30.59M 	1.87%
Aug 31, 2012 	11.780 	11.740 	11.800 	11.620 	33.42M 	0.34%
Aug 30, 2012 	11.740 	11.840 	11.840 	11.600 	19.27M 	-1.01%
Aug 29, 2012 	11.860 	11.700 	11.880 	11.700 	22.08M 	1.19%
Aug 28, 2012 	11.720 	11.400 	11.720 	11.220 	31.69M 	4.09%
Aug 24, 2012 	11.260 	11.360 	11.360 	11.200 	18.60M 	-1.05%
Aug 23, 2012 	11.380 	11.200 	11.380 	11.200 	16.99M 	1.97%
Aug 22, 2012 	11.160 	11.080 	11.200 	11.080 	14.30M 	-0.18%
Aug 17, 2012 	11.180 	11.180 	11.320 	11.140 	9.06M 	0.00%
Aug 16, 2012 	11.180 	11.100 	11.220 	10.900 	10.87M 	1.08%
Aug 15, 2012 	11.060 	10.860 	11.060 	10.860 	15.18M 	1.28%
Aug 14, 2012 	10.920 	11.100 	11.160 	10.880 	23.76M 	-1.62%
Aug 13, 2012 	11.100 	11.140 	11.140 	11.040 	9.52M 	-0.36%
Aug 10, 2012 	11.140 	11.380 	11.380 	11.080 	8.60M 	-2.28%
Aug 09, 2012 	11.400 	11.460 	11.460 	11.300 	5.93M 	-0.52%
Aug 08, 2012 	11.460 	11.240 	11.460 	11.180 	9.45M 	2.32%
Aug 06, 2012 	11.200 	11.160 	11.300 	11.140 	6.63M 	1.45%
Aug 03, 2012 	11.040 	11.320 	11.320 	11.040 	22.62M 	-2.30%
Aug 02, 2012 	11.300 	11.360 	11.380 	11.280 	17.25M 	-0.70%
Aug 01, 2012 	11.380 	11.640 	11.660 	11.380 	14.15M 	-2.57%
Jul 31, 2012 	11.680 	11.620 	11.780 	11.580 	12.70M 	0.69%
Jul 30, 2012 	11.600 	11.600 	11.660 	11.540 	7.29M 	0.87%
Jul 27, 2012 	11.500 	11.580 	11.680 	11.400 	13.78M 	0.17%
Jul 26, 2012 	11.480 	11.600 	11.620 	11.480 	14.23M 	0.00%
Jul 25, 2012 	11.480 	11.620 	11.620 	11.460 	7.40M 	-0.35%
Jul 24, 2012 	11.520 	11.400 	11.600 	11.400 	11.68M 	1.05%
Jul 23, 2012 	11.400 	11.560 	11.560 	11.340 	7.21M 	-1.38%
Jul 20, 2012 	11.560 	11.480 	11.620 	11.480 	7.82M 	0.70%
Jul 19, 2012 	11.480 	11.760 	11.800 	11.480 	8.31M 	-0.52%
Jul 18, 2012 	11.540 	11.900 	11.940 	11.540 	13.81M 	-2.86%
Jul 17, 2012 	11.880 	12.000 	12.000 	11.840 	9.46M 	-0.50%
Jul 16, 2012 	11.940 	11.680 	12.000 	11.680 	20.42M 	2.23%
Jul 13, 2012 	11.680 	11.700 	11.740 	11.640 	9.44M 	0.17%
Jul 12, 2012 	11.660 	11.680 	11.760 	11.660 	11.09M 	0.52%
Jul 11, 2012 	11.600 	11.340 	11.660 	11.340 	24.84M 	1.93%
Jul 10, 2012 	11.380 	11.460 	11.600 	11.380 	10.59M 	-0.52%
Jul 09, 2012 	11.440 	11.740 	11.740 	11.440 	13.77M 	-3.21%
Jul 06, 2012 	11.820 	11.840 	11.920 	11.640 	12.31M 	-0.17%
Jul 05, 2012 	11.840 	11.880 	11.900 	11.780 	10.96M 	0.34%
Jul 04, 2012 	11.800 	11.820 	11.920 	11.700 	11.65M 	0.00%
Jul 03, 2012 	11.800 	11.640 	11.840 	11.620 	14.55M 	1.72%
Jul 02, 2012 	11.600 	11.720 	11.740 	11.560 	15.64M 	0.52%
Jun 29, 2012 	11.540 	11.500 	11.600 	11.180 	37.19M 	0.87%
Jun 28, 2012 	11.440 	11.840 	11.860 	11.420 	42.65M 	-3.21%
Jun 27, 2012 	11.820 	12.020 	12.020 	11.820 	22.68M 	-1.50%
Jun 26, 2012 	12.000 	11.980 	12.000 	11.880 	32.86M 	0.00%
Jun 25, 2012 	12.000 	12.000 	12.100 	11.940 	24.09M 	0.67%
Jun 22, 2012 	11.920 	11.800 	12.000 	11.720 	16.68M 	-0.50%
Jun 21, 2012 	11.980 	11.780 	12.040 	11.720 	29.84M 	0.17%
Jun 20, 2012 	11.960 	11.800 	12.040 	11.780 	29.85M 	2.22%
Jun 19, 2012 	11.700 	11.500 	11.780 	11.500 	25.80M 	0.86%
Jun 18, 2012 	11.600 	11.600 	11.680 	11.500 	19.47M 	1.75%
Jun 15, 2012 	11.400 	11.620 	11.620 	11.400 	19.24M 	-0.52%
Jun 14, 2012 	11.460 	11.400 	11.560 	11.380 	28.39M 	0.35%
Jun 13, 2012 	11.420 	11.540 	11.540 	11.140 	42.99M 	-2.39%
Jun 11, 2012 	11.700 	11.900 	11.900 	11.680 	51.02M 	0.17%
Jun 08, 2012 	11.680 	11.980 	11.980 	11.680 	19.05M 	-2.50%
Jun 07, 2012 	11.980 	12.100 	12.100 	11.960 	22.05M 	0.34%
Jun 06, 2012 	11.940 	11.900 	12.000 	11.800 	32.25M 	1.02%
Jun 05, 2012 	11.820 	11.840 	11.880 	11.800 	27.81M 	0.68%
Jun 04, 2012 	11.740 	12.320 	12.320 	11.740 	29.25M 	-5.32%
Jun 01, 2012 	12.400 	12.460 	12.460 	12.340 	9.73M 	-0.48%
May 31, 2012 	12.460 	12.280 	12.740 	12.140 	15.90M 	-0.32%
May 30, 2012 	12.500 	12.720 	12.720 	12.040 	13.73M 	-0.95%
May 29, 2012 	12.620 	12.680 	12.680 	12.500 	6.52M 	1.45%
May 28, 2012 	12.440 	12.480 	12.600 	12.340 	6.89M 	-0.32%
May 25, 2012 	12.480 	12.500 	12.520 	12.460 	8.68M 	-0.16%
May 24, 2012 	12.500 	12.600 	12.660 	12.480 	11.23M 	-0.16%
May 23, 2012 	12.520 	12.500 	12.600 	12.400 	9.74M 	-1.26%
May 22, 2012 	12.680 	12.780 	13.000 	12.640 	8.22M 	-0.78%
May 21, 2012 	12.780 	12.460 	12.880 	12.440 	7.70M 	2.40%
May 18, 2012 	12.480 	12.300 	12.660 	12.100 	18.42M 	-0.16%
May 17, 2012 	12.500 	12.020 	12.600 	12.020 	20.29M 	4.34%
May 16, 2012 	11.980 	12.400 	12.460 	11.980 	17.81M 	-2.60%
May 15, 2012 	12.300 	12.520 	12.520 	12.000 	20.73M 	-2.38%
May 14, 2012 	12.600 	12.900 	12.940 	12.380 	19.15M 	-2.33%
May 11, 2012 	12.900 	12.940 	13.200 	12.800 	26.23M 	-0.31%
May 10, 2012 	12.940 	13.600 	13.600 	12.840 	33.65M 	-5.55%
May 09, 2012 	13.700 	13.100 	13.700 	13.100 	29.93M 	4.58%
May 08, 2012 	13.100 	13.080 	13.280 	13.080 	6.18M 	0.61%
May 07, 2012 	13.020 	13.400 	13.440 	12.920 	19.82M 	-2.84%
May 04, 2012 	13.400 	13.380 	13.420 	13.180 	29.97M 	0.00%
May 03, 2012 	13.400 	13.000 	13.500 	13.000 	43.37M 	3.08%
May 02, 2012 	13.000 	12.380 	13.040 	12.380 	49.34M 	5.18%
Apr 30, 2012 	12.360 	12.340 	12.500 	12.340 	11.30M 	0.65%
Apr 27, 2012 	12.280 	12.700 	12.700 	12.260 	16.78M 	-3.15%
Apr 26, 2012 	12.680 	12.800 	12.800 	12.560 	22.53M 	-0.47%
Apr 25, 2012 	12.740 	12.340 	12.780 	12.340 	19.22M 	4.26%
Apr 24, 2012 	12.220 	12.240 	12.420 	12.220 	14.03M 	0.00%
Apr 23, 2012 	12.220 	12.340 	12.480 	12.140 	18.12M 	-0.97%
Apr 20, 2012 	12.340 	12.680 	12.680 	12.300 	15.82M 	-2.68%
Apr 19, 2012 	12.680 	12.760 	12.760 	12.500 	16.46M 	-0.63%
Apr 18, 2012 	12.760 	12.400 	12.820 	12.400 	24.67M 	3.74%
Apr 17, 2012 	12.300 	12.040 	12.420 	12.040 	45.62M 	2.16%
Apr 16, 2012 	12.040 	12.100 	12.100 	11.880 	34.38M 	-0.66%
Apr 13, 2012 	12.120 	12.080 	12.180 	12.080 	41.93M 	0.66%
Apr 12, 2012 	12.040 	11.800 	12.200 	11.760 	22.16M 	2.03%
Apr 11, 2012 	11.800 	11.800 	11.820 	11.660 	19.41M 	-0.67%
Apr 10, 2012 	11.880 	12.080 	12.080 	11.820 	29.72M 	-2.78%
Apr 04, 2012 	12.220 	12.320 	12.400 	12.200 	7.54M 	-0.81%
Apr 03, 2012 	12.320 	12.180 	12.400 	12.180 	12.35M 	1.15%
Apr 02, 2012 	12.180 	12.580 	12.580 	12.000 	23.02M 	-3.33%
Mar 30, 2012 	12.600 	12.700 	12.700 	12.560 	46.20M 	-0.63%
Mar 29, 2012 	12.680 	12.780 	12.800 	12.680 	70.32M 	-0.78%
Mar 28, 2012 	12.780 	13.160 	13.160 	12.700 	41.62M 	-1.69%
Mar 27, 2012 	13.000 	13.000 	13.080 	12.920 	28.60M 	0.78%
Mar 26, 2012 	12.900 	13.140 	13.140 	12.800 	41.78M 	-1.83%
Mar 23, 2012 	13.140 	13.020 	13.200 	12.920 	74.20M 	1.08%
Mar 22, 2012 	13.000 	12.880 	13.180 	12.840 	31.66M 	0.78%
Mar 21, 2012 	12.900 	13.020 	13.020 	12.820 	14.19M 	-1.53%
Mar 20, 2012 	13.100 	13.400 	13.420 	13.000 	23.10M 	-0.91%
Mar 19, 2012 	13.220 	13.120 	13.360 	13.100 	15.38M 	1.85%
Mar 16, 2012 	12.980 	13.420 	13.480 	12.760 	36.00M 	-1.96%
Mar 15, 2012 	13.240 	12.500 	13.300 	12.500 	54.11M 	6.77%
Mar 14, 2012 	12.400 	12.200 	12.540 	12.180 	32.63M 	2.31%
Mar 13, 2012 	12.120 	12.100 	12.180 	12.000 	25.21M 	2.54%
Mar 12, 2012 	11.820 	12.200 	12.260 	11.820 	16.31M 	-2.31%
Mar 09, 2012 	12.100 	12.020 	12.100 	11.960 	11.49M 	0.83%
Mar 08, 2012 	12.000 	11.800 	12.000 	11.720 	20.66M 	2.56%
Mar 07, 2012 	11.700 	11.500 	11.820 	11.500 	17.82M 	-0.68%
Mar 06, 2012 	11.780 	12.060 	12.060 	11.580 	13.39M 	-2.00%
Mar 05, 2012 	12.020 	12.000 	12.140 	11.960 	27.29M 	0.33%
Mar 02, 2012 	11.980 	11.980 	12.200 	11.840 	46.47M 	1.18%
Mar 01, 2012 	11.840 	11.400 	11.840 	11.400 	42.33M 	3.50%